compound	IKvsCtr_0h	IKvsCtr_2h	IKvsCtr_6h	IKvsCtr_12h	IKvsCtr_18h	IKvsCtr_24h
Pyruvic.acid	0.1457967909	0.113978653566667	-0.0555343216	-0.0810347242	-0.0282871251333333	-0.0677696371
Succinic.acid	0.138705852633333	0.153344126766667	-0.0601142639666667	-0.3139451874	-0.325763330833333	-0.346838096266667
Glyceric.acid	0.193193336033333	0.0914723373333333	-0.0181908719666667	0.0683666013	0.0286353192666667	-0.0921802769333333
Fumaric.acid	0.0579115957333333	0.0376779895333333	-0.0292220565333333	-0.213227550466667	-0.3144532132	-0.2995835421
Malic.acid	0.123586222566667	0.0842599738333333	-0.0385867554333333	-0.456466549166667	-0.622432156966667	-0.788085455066667
Cysteine	0.0538529831666667	0.0122820848333333	-0.00942937056666667	-0.00768207583333333	-0.00926623553333333	-0.0358009306
Alpha.ketoglutaric.acid	0.211159331666667	0.0788310500333333	-0.0397799287	-0.245394143466667	-0.478234929933333	-0.594506229033333
Phosphoethanolamine	0.168467713733333	0.00121379536666665	-0.0465677321666667	-0.244864842466667	-0.1355093285	0.0472403609333333
Glyceric.acid.3.phosphate	-0.0302422639333333	0.017566821	-0.0800889352	-0.0797965413666667	-0.0790136259333333	-0.133002197733333
Citric.acid	0.221038629833333	0.0566358708666667	0.0270926142	-0.1452769305	-0.239337550566667	-0.3357263972
Glucose	0.0837006844	0.0623381302	-0.0366568781	-0.0471891251333333	0.00178764689999999	-0.0539700182333333
Mannitol	0.140363146866667	0.0727265838333333	-0.0808042116666667	-0.0879646993333333	-0.0179272419666667	-0.110884410966667
Myo.inositol	0.151408319866667	0.0569809319333333	-0.0509231827	-0.0895631268666667	-0.0335483391	-0.1112870991
Glucose.6.phosphate	-0.0118296258	0.0309668793	-0.0330153194	-0.109575949366667	-0.0912750423333333	0.0219115608333333
Adenosine	-0.252671684133333	0.109610047133333	0.0523815780666667	-0.091933902	-0.0494215108	0.142417359866667
Lactic.acid	0.065708179	0.0718967320333333	-0.0208379456666667	-0.0787461630666667	-0.0647273785666667	-0.275846458433333
Thymine	-0.132088022333333	-0.104803314633333	-0.121746739333333	-0.2424812205	-0.00840628523333332	-0.219749167333333
Cytosine	-0.391741901133333	-0.3583803591	0.0216882476	-0.0216806094666667	0.2402995932	0.482906490633333
Ribose.5.phosphate	0.217071198066667	-0.363792452533333	-0.218042143266667	-0.204918786333333	-0.2548185546	-0.304904816033333
Fructose	0.148144413333333	0.0595689018666667	-0.0520227033	-0.0373347919	-0.027130992	-0.303325906233333
Guanine	0.0609847719666667	-0.0129930909	0.0204845429666667	-0.0473174191333334	0.103240444666667	0.0697614105333333
Cholesterol	0.0659441316333333	-0.00935244553333333	-0.0148466706333333	-0.3427451536	-0.247838824533333	-0.318813120666667
Alanine	0.1685880431	0.1010975642	0.0138792155333333	-0.2461270908	-0.146295817566667	-0.1951953718
Valine	0.153906489166667	0.0757625694666667	-0.0493952873333333	-0.1204125028	-0.0285890062	-0.108958371533333
Leucine	0.1605294011	0.0759601029	-0.0496445663333333	-0.104074883266667	-0.0360527752666667	-0.106049061233333
Isoleucine	0.163158840766667	0.0736643820666667	-0.0505180842666667	-0.102810591366667	-0.0378875916666667	-0.113119906833333
Proline	0.176131717333333	0.0837366943333333	-0.0267898966333333	-0.216030083966667	-0.144814894633333	-0.2241332159
Serine	0.114302233166667	0.0703140241	-0.0411386543333333	-0.323628422566667	-0.0973635085333333	-0.1590885129
Threonine	0.163965073433333	0.0708458617666667	-0.0235923522333333	-0.156988874533333	-0.0794773433666667	-0.148390110133333
Glutamic.acid	0.1872375648	0.0857812719666667	-0.00346861676666667	-0.230140654166667	-0.259734293166667	-0.324371678
Phenylalanine	0.160043035633333	0.0717628756	-0.0489351082333333	-0.118196568966667	-0.0450425818333333	-0.1189530717
Asparagine	0.1780984673	0.0700848169	-0.0290017843666667	-0.161140537666667	-0.104286441966667	-0.163650255266667
Glutamine	0.1843990019	0.0767584721666667	-0.0339722676666667	-0.124132666	-0.0762048060333333	-0.150560552333333
Lysine	0.156735403466667	0.0682007643666667	-0.0457818239333333	-0.1356842274	-0.0184004382	-0.0866513387666667
Tyrosine	0.156935574633333	0.0697414755333333	-0.0501618729333333	-0.122512903766667	-0.046157904	-0.117616237
Tryptophan	0.1492329522	0.0652174334	-0.0445123510333333	-0.179060438433333	-0.0512403836666667	-0.120285374233333
Glycine	0.202048077033333	0.0836477537666667	0.0283861663666667	-0.313325726266667	-0.207607897542023	-0.269768651633333
Methionine	0.1130573934	0.0559530384333333	-0.0412165053	-0.0951737067666667	-0.0168155602	-0.121800658866667
Beta.alanine	0.0801874803666667	0.0445867358495425	0.0704357950666667	-0.156506256633333	-0.184813082	-0.195376018966667
Pipecolic.acid	0.089107011	0.0223009138666667	-0.0494355223333333	-0.0674308685666667	0.0703038284333333	-0.089150276
L.histidine	0.1307655379	0.0688017489	-0.0462534714333333	-0.291404593833333	-0.0527329191333333	-0.1306990423
L.4.hydroxyproline	0.187895532433333	0.0991774178	-0.0472721355	-0.1744324898	-0.104055286	-0.206716289333333
taurine	0.284569744566667	0.139835642533333	0.0999875232	-0.234946633166667	-0.365193249033333	-0.498872201133333
glycylglycine	0.173441875566667	0.0688202824333333	-0.0286409000333333	-0.1807673006	-0.107838141633333	-0.1612272021
L.arginine	0.152580123233333	0.0550912631	-0.0469536750666667	-0.0775425891333333	-0.0211235324	-0.0637589026666667
L.homoserine	0.146885031633333	0.0198081385666667	-0.0470671789	-0.237254609266667	-0.2772434582	-0.330932165
L.aspartic.acid	0.261476354766667	0.100316270633333	0.0480620473	-0.1668417419	-0.0378632734	-0.0701900162333333
ethanolamine	0.00650926163333333	0.0266247281	-0.0522719546666667	-0.171470098166667	0.0131005303666667	-0.0468769000666667
L.methionine.sulfoxide	0.100795932433333	0.0665781818333333	-0.0638471198666667	-0.1381262704	0.0393517549	-0.1510872388
gamma.aminobutyric.acid	0.240846100666667	0.151703765533333	0.1391877513	-0.253110849766667	-0.3425655115	-0.372745669266667
L.2.aminoadipic.acid	0.1751218399	0.0509478865666667	-0.0246667894333333	-0.170474623333333	-0.151201363266667	-0.328525003066667
L.alpha.aminobutyric.acid	0.180241752266667	0.1182910204	-0.0469077171666667	-0.1273569372	-0.0756069137	-0.114538851233333
Ornithine	-0.115220073666667	-0.0265303892	-0.100629854833333	-0.6576659996	-0.0268711964666667	-0.168686368533333
X5.hydroxy.L.tryptophan	-0.00696594336666667	-0.0652750248333333	-0.000590759266666676	0.108475701833333	0.118287704866667	0.0611070499
putrescine	0.263942002833333	0.117912979533333	0.120535530433333	-0.533159623066667	-0.9586335871	-1.26736600003333
methyldopa	0.559958546266667	0.494798041466667	0.437301478133333	0.109853552266667	0.0991497978	0.0519196726
Spermidine	0.181097193833333	-0.103370646366667	-0.0713377204666667	-0.420492974266667	-0.4555467158	-0.5637564791
Spermine	0.159262735266667	0.0921569511333333	0.0273986714	-0.2966745531	-0.373083006433333	-0.343634839166667
