17	13654752	13655272
10	128821396	128822090
6	52045696	52045826
13	63567590	63568354
4	149484964	149485479
3	90472342	90472472
16	18108363	18108493
9	83005738	83005868
3	149281527	149281670
2	146414792	146414921
4	116342054	116342561
4	53439957	53440559
17	35134844	35135734
2	167631789	167632404
10	83600228	83600349
9	27754692	27754822
1	39530207	39530716
10	19559927	19560057
3	100916706	100917206
3	84229051	84229181
12	102885871	102886002
16	14350885	14351065
8	83596522	83596656
11	87749403	87749936
16	11908882	11909738
15	73472717	73473217
10	111108701	111109202
9	45847056	45847560
16	65577387	65577529
7	111156641	111156784
1	121314758	121315242
10	79116498	79117003
16	32179479	32179989
4	149543098	149543611
1	171551226	171551811
11	106134511	106135440
17	35434790	35435293
7	80132465	80132984
11	11536223	11536723
11	73018652	73019162
14	30641686	30642186
15	36499748	36500248
14	73451489	73451619
6	148257753	148258253
12	112559221	112559466
14	51092230	51092349
2	29870044	29870620
19	18663800	18664300
17	83695899	83696047
18	40232447	40232577
18	34856346	34856507
17	27000000	27000500
4	57091242	57091753
19	29826792	29826942
10	126978289	126978796
5	64156090	64156598
1	6466963	6467463
10	58362815	58362964
19	37514658	37515404
12	25190278	25190839
7	101356766	101357291
7	97579363	97580047
11	61116362	61116492
2	167368233	167368784
11	69900782	69901307
1	95223374	95223878
19	10173985	10174485
15	79074922	79075446
10	95565450	95565998
10	42897761	42897902
9	45848399	45848569
5	148573135	148573265
19	15965054	15965554
11	95833946	95834641
19	46619864	46620466
7	80123239	80123400
17	21422525	21423623
5	113114094	113114761
10	19518712	19519215
19	6487409	6487589
1	171618939	171619439
5	113175443	113175598
2	84889925	84890425
16	43363983	43364534
17	46036254	46036412
X	101163879	101164009
18	35748760	35748888
2	166786572	166787087
14	73507781	73507981
14	61056651	61056799
5	66524100	66524600
4	120824951	120826099
17	73439164	73439664
17	35389739	35390239
2	18693792	18694292
16	97851594	97852105
7	98334220	98334350
10	59702255	59702831
19	37523698	37524196
10	8833750	8834252
16	23991072	23991572
13	107856891	107857391
6	82824343	82824473
7	55968172	55968770
10	59667407	59667537
5	64218186	64218666
7	111182421	111182553
8	126686013	126686169
8	67494541	67495066
12	108893907	108894500
11	107403144	107403644
14	63545705	63545838
4	15957648	15958770
5	76525967	76526093
5	98167505	98168017
9	40397246	40397412
16	92724618	92724834
10	88200826	88201401
4	109123340	109123470
4	128971038	128971538
1	155457674	155457806
17	48300743	48301342
4	122898266	122898766
13	63411006	63411506
7	109513594	109513703
8	41437592	41437722
14	14649535	14649681
4	115124848	115124978
18	15201338	15201849
15	67147405	67147548
2	114673160	114673290
3	153675156	153675303
5	150485334	150485467
15	5142184	5142314
9	88546121	88546613
5	122925409	122925914
9	110530729	110530865
16	92710180	92710730
6	115764306	115764438
4	132515339	132515898
12	85541322	85541475
11	4133575	4133716
5	148564104	148564614
13	104274694	104275194
8	88637525	88638029
10	83540203	83540339
5	137263399	137263899
13	109548421	109548564
11	45849782	45850237
10	58370080	58370579
3	52001260	52001401
9	29458313	29458454
4	133344240	133344380
11	17004776	17005276
6	17629152	17629282
9	54734258	54734858
7	142458083	142458213
11	95232073	95232203
1	189972979	189973479
12	21286007	21286563
3	9886965	9887164
6	43754850	43755354
6	58770728	58771237
11	103158681	103158811
15	5312126	5312639
17	51926486	51926616
8	121925568	121926085
8	122834958	122835458
16	91825706	91826241
5	150233150	150233417
13	34820612	34820742
7	126754953	126755089
12	79092463	79092963
6	120635560	120636060
18	67128906	67129042
8	120543332	120543874
3	87838580	87839094
10	82004748	82005261
8	121585238	121585841
5	125339014	125339514
7	17007452	17007590
16	90197216	90198044
13	108667015	108667538
5	124862309	124862912
14	14639810	14640569
11	117976013	117976513
1	39878062	39878240
6	72389436	72390017
2	155369665	155369795
10	111441026	111441591
13	35087370	35087500
15	79456715	79456845
5	137285185	137285315
2	50284908	50285033
15	12092038	12092547
16	51987041	51987541
15	59429132	59429632
5	77246118	77246248
11	76859207	76859707
8	126596188	126596666
5	63968702	63969231
10	70095020	70095271
3	89394696	89394782
7	16930945	16931104
2	38797036	38797550
17	15498089	15498560
5	146644680	146644839
7	4999999	5000143
1	36461976	36462106
10	39731363	39732158
3	79586706	79587214
9	96652912	96653053
7	73551933	73552454
9	37613444	37614047
13	102665183	102665700
12	114668506	114668639
5	105661872	105662372
3	58411809	58411969
1	133034218	133034462
16	57116187	57116319
9	54672043	54672173
2	14147023	14147159
3	96102313	96102443
17	27051710	27051840
17	5440037	5440583
1	177308573	177308702
2	72278423	72278519
18	73644789	73644919
10	17950994	17951108
15	65744615	65744745
19	21747336	21747860
14	73408343	73408473
13	75810016	75810146
3	138000578	138001095
19	56346134	56346264
10	111083450	111083588
14	73474837	73474993
13	24254154	24254284
2	38646047	38646192
13	109519625	109519755
1	153299578	153299708
12	102596351	102596851
10	59308986	59309476
17	85116756	85116912
1	156752303	156752810
4	140902548	140902711
10	6982990	6983120
7	66434586	66435086
15	33426915	33427056
3	51999920	52000509
8	109750612	109751144
9	65586732	65587326
10	45045219	45045721
9	121926967	121927489
7	116431090	116431220
3	51916015	51916545
7	129507026	129507165
12	52010712	52010842
7	91226404	91226906
12	41526667	41527167
14	64639754	64639884
4	55342756	55342892
12	35039674	35039804
7	111179721	111179877
3	60437607	60438113
10	7834519	7834975
2	4864450	4864961
7	29128777	29128925
6	82714149	82714654
16	92904153	92904283
8	20512993	20513499
18	24050032	24050179
9	45274155	45274768
12	99240823	99240953
13	109440301	109440809
9	66938807	66939307
13	109547669	109548171
14	102906463	102906593
2	32608342	32608936
10	115315358	115315879
7	25281721	25282238
2	172393519	172394019
4	141142166	141142676
16	20097805	20098381
8	61487455	61487968
3	93547013	93547513
3	60472820	60473320
5	37118357	37118496
1	127381185	127381315
19	40818667	40819195
11	33170460	33170965
4	11081956	11082086
2	154933986	154934116
6	97438905	97439438
12	109074979	109075152
13	109558342	109558472
X	104359620	104360120
8	106150004	106150594
7	59228425	59228958
1	44064563	44065070
14	74989416	74989605
16	33966797	33967308
2	18392563	18393155
19	41900637	41900793
4	124988497	124988627
13	48863421	48863985
3	153689588	153690212
7	89370833	89371349
13	42818512	42818651
5	24687854	24687981
4	83485577	83486077
7	130930554	130930686
12	33325340	33325873
5	65102703	65102833
13	103780224	103780724
6	122742468	122743049
2	73925162	73925301
11	120051082	120051584
7	127511661	127512660
5	146983146	146983646
13	104285046	104285178
17	23199795	23200295
9	65214754	65215364
17	7914870	7915000
12	51666829	51666957
5	92098349	92098579
6	117702949	117703079
11	44892859	44893390
10	9907396	9907907
1	127329743	127330243
8	25627197	25627697
2	165337315	165337445
10	26711014	26711514
16	90186156	90186657
X	137015458	137015596
7	98702683	98703265
5	88764799	88765395
12	105962586	105963090
6	38263571	38263691
1	38696353	38696486
11	53308961	53309461
4	127076841	127077618
16	58538139	58538633
6	142343693	142343826
13	62935530	62936030
8	120595925	120596433
2	13573708	13574217
1	92080092	92080603
10	93763024	93763525
10	58377757	58378257
11	120749372	120749872
13	29726305	29726908
12	41486968	41487475
10	82353936	82354824
13	76552232	76552362
3	131552537	131553039
11	107479184	107479756
1	34642382	34642900
1	155425676	155426176
4	66800231	66800779
3	65529299	65529799
X	137019262	137019771
19	44895387	44895517
X	157259253	157259385
14	64626964	64627468
15	102458815	102459366
10	91271098	91271606
12	85192800	85192930
5	36711974	36712104
8	120436317	120436817
4	84876491	84876627
16	4577005	4577149
3	51652882	51653022
5	33640547	33641050
10	60260654	60260812
17	21801351	21801851
19	42485525	42485743
17	29725006	29725277
X	102189085	102189636
2	155082537	155082675
19	6228253	6228753
12	85444771	85444901
11	20514876	20515376
2	164132174	164132304
10	60262338	60262845
9	25167320	25167899
10	58364120	58364309
16	24874412	24874548
16	19907079	19907586
9	54950431	54950992
4	155200681	155201224
14	55722039	55722571
11	97829823	97830371
15	35662344	35662874
13	19364438	19364941
11	98740372	98741153
10	126918994	126919522
11	61122500	61123416
17	27002025	27002160
3	53913940	53914757
11	55433049	55433179
X	107250355	107250894
4	137814199	137814329
10	59896775	59897301
17	17234188	17235103
7	127228854	127229354
8	13785275	13785798
3	88148929	88149449
15	101253822	101254322
12	54825338	54825468
5	146648618	146649118
6	97441442	97441594
11	61638866	61639012
3	21987782	21987912
2	90624966	90625478
8	25104718	25104869
12	25165781	25165964
14	63565311	63565437
1	34472385	34472885
1	162740288	162740889
6	127561680	127561813
6	70811680	70812314
18	60767304	60767436
12	117566177	117566677
10	80577210	80577728
11	79992633	79993311
18	37877278	37878121
3	51224304	51224939
11	78175840	78175965
5	137510168	137510668
3	94966053	94966183
1	171610160	171610316
15	103260176	103260311
13	103773933	103774882
3	51170345	51170475
9	121240219	121240721
8	84004573	84005134
3	96147888	96148405
9	96650931	96651100
1	36767346	36767502
8	126618651	126619151
19	57243059	57243565
7	35636383	35636519
1	156963864	156964591
19	55315785	55316613
13	69896661	69896793
3	138742602	138743228
11	76243461	76243977
14	55106057	55106861
11	119053248	119053748
11	72421604	72421730
7	126501844	126502386
19	14635244	14635744
17	7902299	7902803
3	19318988	19319527
16	76448928	76449058
1	181256603	181257212
4	150236396	150237399
19	29824421	29824591
4	137844624	137845124
11	74752953	74753085
11	101143423	101144203
10	25318378	25318887
9	78601475	78601605
19	57343795	57344338
1	53845995	53846155
X	135738869	135739000
13	29726928	29727074
2	131096586	131096716
10	19522327	19522457
6	134189971	134190103
7	80986940	80987070
5	113174850	113175350
13	38546870	38547099
15	53400337	53400467
3	88753897	88754118
18	82469996	82470131
1	181261167	181261311
13	55022596	55023094
1	153292296	153292426
1	86263519	86264327
3	142674751	142674882
18	68203163	68203293
12	109085188	109085298
9	65205204	65205335
11	88510180	88510764
2	31305815	31305949
5	140502427	140502574
7	48749119	48749628
8	4588233	4588733
19	10173569	10173699
17	47629166	47629817
14	74990442	74990945
11	61112456	61112586
18	39035154	39035655
13	97234969	97235475
11	116237936	116238517
8	91147690	91148192
1	170996695	170997195
9	75049968	75050478
1	161736978	161737112
2	31454313	31454837
10	81633439	81633953
17	33897035	33897535
6	149193463	149193976
8	68607096	68607785
10	62792021	62792603
11	77887427	77888023
18	67249061	67249206
6	13695231	13695361
6	125726538	125726694
4	133660300	133660452
12	99311499	99311629
16	23135383	23135885
5	142823227	142823471
7	46714636	46714796
19	61151487	61151602
2	154790466	154791374
14	62858446	62858576
6	120466552	120467075
X	50675471	50675619
7	45459650	45460166
11	48776785	48776929
18	76943841	76944622
9	44573395	44573567
2	118740417	118740606
7	29307560	29308228
X	48143349	48143920
12	54820600	54821100
9	57888177	57888351
12	79436643	79437259
19	29900414	29900544
14	27229656	27229786
1	171110905	171111759
10	13500787	13501421
4	45513637	45514151
14	20478872	20479107
8	34149598	34149726
18	57856257	57856403
11	60292702	60293202
8	95020572	95021098
18	80836825	80836955
18	50017561	50017703
13	42980739	42980857
4	132329291	132329823
17	29730977	29731477
5	104433052	104433195
10	99127667	99127910
2	126597431	126597561
3	16182812	16183405
7	111122515	111123042
18	34776693	34777193
2	129198398	129198999
5	139344935	139345479
2	70453209	70453725
17	57275538	57275668
1	128416719	128417682
3	84314468	84314982
18	70529255	70529397
X	159837331	159837831
11	11973315	11973860
6	148248539	148249040
18	38596895	38597373
12	112617896	112618558
6	30035273	30035414
13	42826743	42826882
7	127027047	127027813
13	41486837	41487632
2	102033106	102033238
18	73835473	73835973
10	25312027	25312169
4	150272650	150273253
1	13601386	13601886
9	37626189	37626325
7	101310478	101311110
15	6702081	6702581
7	102310340	102310840
18	5370235	5370816
4	135439142	135439661
5	142367144	142367671
7	127674894	127675410
10	121488498	121489312
4	149696458	149696987
19	10580833	10581010
6	113225756	113226328
2	174076005	174076513
1	75234567	75235056
15	103168934	103169090
17	32386966	32387465
1	95267845	95268567
2	27428040	27428544
3	8902384	8902516
3	22022284	22022707
12	73593463	73593601
15	76576071	76576606
5	122770786	122771465
4	118331666	118332185
3	60486635	60486779
11	88864408	88864952
10	82047836	82048705
19	29063806	29064328
6	124480393	124480534
19	55545653	55545798
4	40781750	40782264
5	150246862	150246992
13	119800866	119801374
7	16294679	16295203
12	69696677	69697181
11	50835693	50836203
7	73579498	73579637
9	115012996	115013152
7	126746231	126746355
4	145254435	145254935
17	57105330	57105460
2	163968535	163969044
4	66821869	66822005
12	83502169	83502684
19	40788587	40789132
3	82340038	82340538
11	119091669	119091816
16	92698732	92698900
X	74084789	74085289
11	3452101	3452624
11	29693544	29694044
3	9865873	9866013
17	3557418	3557548
14	65376498	65377008
7	99988683	99989183
5	137533079	137533915
12	30911348	30911899
5	139830604	139831098
12	55831212	55831344
2	90583455	90583966
12	72104470	72104970
2	70836381	70836537
4	48253212	48253744
7	80011403	80011912
15	57644439	57644573
7	106249155	106249285
7	27277325	27277455
9	37554119	37554629
4	141139336	141140071
9	121298687	121299247
7	98086458	98086591
2	21979657	21979787
15	58870046	58870283
4	149701551	149701734
10	80261534	80262053
16	4719036	4719660
5	140411295	140411819
16	92715643	92715773
14	87464178	87464687
X	17590695	17591300
19	32715307	32715446
12	31719129	31720017
17	25875353	25875554
11	95413669	95414186
6	133960621	133961147
4	115728659	115729173
1	87849218	87849719
3	9884338	9884468
9	18277623	18277765
X	36840105	36840645
16	20085694	20085826
18	60753766	60753896
17	12031382	12031515
14	20093617	20093749
X	37190932	37191451
2	27479979	27480156
1	135728847	135729421
3	32510165	32510814
1	80665092	80665629
1	36737250	36737774
4	14863999	14864499
X	13225009	13225139
5	144286784	144286930
3	79484850	79484987
5	137294267	137294848
15	98831245	98831774
6	122872770	122873228
4	140944264	140945625
7	24451914	24452059
7	34198433	34198606
19	34547914	34548414
11	60338425	60338557
7	25297765	25298265
11	113176286	113176442
9	25185795	25186295
11	61109000	61109136
16	20535067	20535649
11	117969252	117969382
16	32638406	32638928
4	120369905	120370035
7	142387661	142388287
2	167685069	167685580
14	46702701	46703202
11	26373712	26373848
10	123209662	123209792
7	79238741	79239241
1	153367150	153367280
12	3695867	3696006
9	57744671	57745171
2	29365118	29365248
1	156996392	156996945
15	5262016	5262529
19	15950418	15950548
4	137857242	137857378
14	46725872	46726017
18	46334011	46334516
17	28256668	28257241
9	40192031	40192562
1	157446478	157446608
X	155376498	155377001
X	50635122	50635729
5	146621777	146621907
7	99101921	99102053
13	49326760	49327247
16	17460417	17460554
9	107983425	107983925
3	51648440	51648576
2	75704312	75704823
10	58255156	58255677
11	88131828	88132368
14	122852622	122852776
1	133046616	133046746
13	21734906	21735111
16	18047596	18048096
8	60957018	60957165
10	80039601	80040131
15	64016483	64016983
6	43732051	43732181
6	129283374	129283471
8	3327420	3327550
10	39369407	39370005
19	53078085	53078242
14	55578734	55578802
7	46835380	46835515
15	35352926	35353056
7	28517367	28517497
11	69934087	69934590
13	19854190	19854320
9	62828544	62829044
15	58141061	58141598
15	6705783	6705928
2	181863992	181864571
17	5483377	5483877
3	137998670	137998806
7	135735528	135736137
17	85090307	85090836
14	73430575	73430705
11	5953271	5953401
11	34784888	34785393
17	74527859	74528455
19	55768732	55769252
1	36746583	36746742
17	42887142	42887873
14	101608952	101609552
7	46710467	46710980
14	31130857	31131082
6	120641876	120642032
1	128607914	128608603
13	4611042	4611173
6	48675898	48676660
1	184041991	184042132
18	53136105	53136658
11	97357598	97358101
14	75010482	75010604
17	27549400	27549909
19	53284112	53284612
1	164316626	164317139
13	65127591	65127736
1	153414080	153414627
3	53036142	53036272
6	86497187	86497317
15	96654648	96655210
3	9754861	9755465
9	121354911	121355049
9	124425595	124425732
19	12457515	12458097
14	62864253	62864769
12	86884670	86885185
5	146629771	146629901
7	80215329	80215829
12	12318099	12318595
1	92180205	92180996
14	73439973	73440168
19	8713130	8713643
11	58301814	58302842
8	79163055	79163185
3	105894635	105894738
11	117338424	117338948
10	34249447	34249956
5	36713132	36713669
6	128796295	128796587
8	46152279	46152792
8	105596263	105596790
4	137796209	137796709
11	69930899	69931408
8	116980115	116980613
6	24664842	24665431
5	115347523	115348041
12	54209231	54209731
6	120626701	120626936
9	108106190	108106322
3	51234355	51234860
13	41336192	41336790
11	83927066	83927558
16	58532471	58532971
6	97520695	97520833
4	150269579	150270103
11	31373592	31373731
12	105947457	105947615
2	180724873	180725514
13	9014602	9014733
4	131805624	131806124
11	76645920	76646424
17	28176854	28177451
11	11499858	11500371
17	27012442	27012598
X	74304835	74305504
5	65213313	65213814
15	102753327	102753445
X	36873973	36874506
14	57729840	57730368
13	80806184	80806435
2	132114086	132114230
7	19172926	19173426
16	65629133	65629642
6	86820840	86820972
1	136415551	136415697
14	34648090	34648246
19	42144479	42144984
3	127853266	127853766
1	86913899	86914452
15	96709559	96710220
X	12082314	12082472
14	57772410	57772566
2	122160612	122161120
5	92098903	92099033
4	125160425	125160566
13	97208233	97208365
7	17027108	17028174
1	162207111	162207611
17	8408875	8409390
13	42700659	42700789
X	106623624	106624168
16	17807382	17807919
3	51214132	51214632
14	121928302	121928805
11	97829319	97829819
3	127608272	127608393
1	91038857	91038989
10	26668548	26668701
15	52712065	52712598
17	7164018	7164163
8	79612909	79613458
12	83503762	83503892
2	167381748	167381914
10	9908223	9908401
13	81783488	81784032
2	57116814	57116944
11	106272551	106273370
5	53871858	53872363
6	3427006	3427513
10	128779352	128779852
6	133986269	133986399
5	135264509	135265021
11	68417829	68418330
11	108178857	108179013
4	140904799	140904957
19	29820906	29821406
5	134617158	134617290
15	95802686	95803186
17	6098022	6098155
15	83435275	83435775
1	128435961	128436486
17	35420419	35421009
17	84844988	84845351
18	67115854	67116359
8	120736008	120736508
3	54815260	54815760
7	121040841	121040997
12	113187631	113187801
9	119978279	119978848
13	51736275	51736406
#CHR	start	end
4	135358656	135359156
16	24878865	24878995
5	148958922	148959491
18	53127983	53128115
15	5262901	5263031
2	30286097	30286626
4	121097987	121098514
3	90264852	90265352
9	121293148	121293711
5	64075674	64075804
11	58959839	58960378
12	3781488	3782008
7	135736263	135736781
14	64624200	64624700
4	44200097	44200239
19	44294689	44295189
7	144447025	144447548
17	28260335	28260465
11	97309252	97309865
4	34784961	34785091
12	112551955	112552466
11	117320670	117320800
1	39895411	39895925
3	90065520	90066022
15	28081288	28081418
11	117319771	117320271
17	22417470	22417976
13	42623621	42623738
5	121215486	121215621
7	126759201	126759707
10	84571174	84571368
2	104502414	104502929
12	86923770	86924294
2	20969410	20969932
7	47022523	47023023
1	106738198	106738341
19	3851437	3851981
6	148344835	148345344
15	78923633	78923910
3	84344876	84345376
10	43475520	43475666
11	120052236	120052736
18	34854588	34854720
18	80714557	80715180
18	35958968	35959098
9	40490350	40490480
1	54585523	54585660
11	76858905	76858989
7	16842631	16843146
13	34154831	34155331
2	91202544	91203099
5	150441610	150442118
4	139858593	139859112
19	37554002	37554183
1	189700935	189701435
14	73095205	73095379
6	100675147	100675279
1	180848220	180848369
5	146596629	146596759
4	88033102	88033648
17	46084089	46084219
1	181247288	181247418
9	25191682	25191785
2	128408659	128409177
15	98093124	98093693
8	105496846	105497378
11	97041194	97041832
6	127561214	127561344
7	128332858	128333391
15	66801653	66801809
13	59840691	59841191
11	46314722	46314828
X	59999700	60000591
5	113832609	113832782
12	112560346	112560476
3	88465233	88465363
16	37685266	37685396
1	155417218	155417796
11	119589334	119589494
17	46049456	46049956
2	37771694	37772198
9	31082460	31082596
14	103469600	103470199
14	73430723	73430907
1	161748089	161748589
2	163644915	163645430
18	60759246	60759376
1	189933653	189933783
1	74227281	74227809
13	102678446	102678960
6	54810063	54810219
4	155234961	155235181
8	123102073	123102593
19	5609811	5610537
4	46597492	46598095
16	20076562	20077077
11	116628754	116629267
14	74977139	74977269
4	106314414	106314544
1	106822062	106822206
3	51914906	51915533
18	24047622	24047759
13	67108359	67108991
9	65205552	65205726
17	53689041	53689600
4	44173257	44173410
1	160301127	160301645
1	80830506	80830638
5	142319233	142319740
17	27827613	27827746
15	99056489	99056630
10	88390110	88390557
10	40310377	40310507
7	35759724	35759867
2	152332188	152333003
1	9639093	9639268
1	176823992	176824128
10	111503032	111503532
17	31877776	31878330
1	6658020	6658330
18	10251155	10251290
1	13573924	13574451
4	40285549	40286050
10	67315163	67315321
X	93793104	93793617
18	32060130	32060263
1	153367991	153368214
15	78720044	78720544
6	113377311	113378371
2	31855964	31856464
1	75219052	75219552
5	118556553	118556683
7	47014851	47015351
12	108631209	108631339
11	88099780	88099935
6	120618697	120619234
14	73474285	73474417
2	172390449	172390579
5	53995223	53995834
2	22895200	22895802
7	27861004	27861136
17	63323961	63324468
13	62926585	62926726
14	103477263	103477763
13	53019663	53019799
11	115612702	115613210
4	15252395	15252979
1	172455418	172455918
16	58543290	58543420
13	56197440	56197959
7	19316400	19316900
13	109546574	109546716
15	67176587	67177305
10	78421013	78421229
1	106810026	106810156
6	17611764	17611894
6	57703089	57703608
10	120125080	120125598
X	56597715	56598357
5	136568887	136569108
12	51347852	51348529
7	78782749	78783379
4	21727404	21727935
5	142392231	142392405
14	102922569	102922725
4	95161184	95161744
11	113175423	113175560
1	160831011	160831588
X	135975097	135975597
1	171619746	171619923
10	71291241	71291371
7	4866014	4866567
18	60923295	60923425
3	68717289	68717792
1	157003006	157003518
9	78850664	78850820
X	74328721	74329259
16	90323037	90323170
3	9844235	9844365
10	80446109	80446610
5	150702651	150703153
14	14634133	14634263
4	132747522	132748089
18	15208371	15208914
12	79017820	79018358
16	4304250	4304391
3	87521308	87521438
16	36071373	36072305
13	51839620	51840116
11	107473099	107473610
12	117427304	117427804
6	13691816	13691962
10	99097324	99097835
13	42792231	42792731
18	35752031	35752553
5	146647800	146647947
12	12249617	12249754
1	52274417	52274516
8	25067832	25068529
3	65974460	65974590
17	5442553	5442661
7	75830264	75830394
11	87755209	87755788
5	29560784	29560914
12	54993167	54993802
10	91187832	91188342
10	117376745	117377261
9	59750501	59751529
2	36230172	36230763
19	44418946	44419454
7	88255013	88255143
18	38890171	38890677
X	20770912	20771437
10	24797194	24797695
7	135792834	135793334
17	48293380	48293943
5	92312257	92312769
5	23850202	23850728
8	3330820	3330980
17	34257508	34258008
4	137815562	137815692
5	103344005	103344135
13	21750475	21750676
17	94834500	94835129
4	118326593	118326724
17	29171977	29172659
5	88689640	88689775
15	103279883	103280018
13	6532847	6532977
16	92706463	92706647
8	79603352	79603482
15	88537339	88537469
11	51637793	51638311
13	109210456	109210676
16	37689197	37689722
11	99039682	99040186
10	67287922	67288129
13	51736513	51737030
7	109675246	109675376
10	60263549	60263679
7	28568162	28568666
1	121380429	121380919
12	3560516	3561016
16	24016184	24016694
5	36698795	36698929
5	100679946	100680768
16	17451683	17452208
15	57600488	57600988
11	79023421	79023921
10	111107315	111107820
11	88151582	88151736
2	70444192	70444323
7	80857320	80857461
8	72160617	72161394
15	99026416	99026543
18	6715581	6715713
9	45288493	45288623
1	156991233	156991389
11	78031913	78032507
2	26625534	26625688
18	60744535	60745080
7	66342276	66342776
17	12171109	12171656
10	99084851	99085362
13	51758329	51758829
1	71531823	71531955
2	26513228	26513774
15	91927441	91927946
12	8216838	8216970
17	35210161	35210661
1	21929817	21929947
5	136583591	136584117
13	104816805	104817415
4	133013120	133013760
7	35647246	35647776
12	73574690	73574820
14	102906682	102907214
8	108759709	108760209
10	20883746	20883876
7	48749859	48750371
10	43578750	43579374
16	30009522	30010052
12	85169388	85169918
6	28399933	28400068
3	84312951	84313451
2	10142644	10143144
17	28308448	28308614
14	67008186	67009238
15	12084847	12085347
17	73970299	73970814
2	29582324	29582828
8	25275151	25275266
17	74673198	74673695
18	34382955	34383133
7	111170214	111170341
11	109670499	109670632
17	56303047	56303566
14	25780654	25780784
13	74570095	74570225
3	60473847	60474048
X	107143163	107143701
5	64202254	64202756
1	39736224	39736744
13	103920221	103920740
4	62256891	62257391
7	56042294	56042809
10	75517680	75518260
14	19839764	19840270
5	48349244	48349737
2	166781128	166781640
6	91852696	91852849
1	171610909	171611045
2	18343680	18343810
15	98867439	98867614
6	127541924	127542424
10	59957515	59957645
6	119104203	119104715
2	102948631	102948773
13	49322317	49322503
2	35983825	35984336
8	109756664	109757164
7	135790934	135791425
17	27825972	27826792
3	32508790	32508925
10	111506193	111506739
7	98085455	98085585
12	77001143	77001273
10	81007347	81007489
6	13607609	13608319
16	15295043	15295173
19	37530063	37530567
5	113180055	113180563
12	103341362	103341492
X	36989265	36989859
11	97310304	97310446
4	40244018	40244584
8	77574371	77574501
11	102248522	102249106
10	95416660	95417183
14	62867810	62867940
7	92102829	92103334
15	99332844	99333398
10	20777157	20777302
11	103158927	103159441
7	114166067	114166567
9	107296321	107296984
11	96311490	96311991
2	69885367	69885889
13	112927203	112927816
5	142327400	142327531
2	79227634	79228138
13	107831194	107831710
9	121313985	121314499
14	14633397	14633897
1	160312021	160312154
7	127776394	127777296
17	84837686	84838190
17	12036141	12036650
1	38694022	38694522
1	172436700	172437200
1	39868020	39868198
3	121426157	121426657
11	96295406	96295906
13	36117300	36117869
6	39573599	39574122
1	183930762	183930899
18	32162596	32163196
10	58351852	58351984
9	121314826	121315345
15	78320748	78321248
8	25277248	25277384
15	100757839	100757969
12	75772605	75773105
5	113861423	113861560
12	100106237	100106735
9	45280839	45281354
18	39012355	39012876
3	136347374	136347548
2	131094799	131095309
7	114143614	114143744
9	37247411	37247911
17	29736785	29736904
5	105691765	105691915
11	20532516	20533031
2	154990527	154990663
5	104407968	104408098
4	131873797	131874297
9	48447818	48448324
1	88143902	88144402
1	179901343	179901843
19	53050244	53050374
8	94861267	94861779
2	29787471	29788512
3	87901284	87901871
10	123196255	123196411
2	35680359	35680489
10	7068556	7069056
7	80832152	80832654
13	97205165	97205295
12	85430549	85430732
13	83654818	83655328
11	108010584	108010729
2	122408828	122409355
13	51276678	51276808
1	52302507	52303007
11	119909379	119909879
1	155394825	155395358
3	79484301	79484834
17	3092842	3092972
2	29404249	29404379
5	122394033	122394173
16	17405621	17406174
13	34147090	34147220
8	124140128	124140259
7	100492904	100493559
16	8671927	8672454
19	14620689	14620819
13	65128051	65128181
7	125420129	125420629
13	109616044	109616184
4	156087541	156087671
5	150426740	150426877
12	105008629	105009129
7	125783343	125783473
14	103478078	103478214
5	67238297	67238800
15	94597635	94598135
7	16933059	16933196
12	90810727	90810857
16	92873984	92874485
17	29762487	29762987
16	77099116	77099625
9	54736370	54736870
1	191183072	191183712
6	136940989	136942180
4	116483405	116483936
12	102733325	102733827
X	12089718	12089882
2	30133470	30134012
7	46838207	46838392
12	112706935	112707438
15	77756783	77757285
17	3570997	3571137
10	59665839	59666363
10	11280667	11281368
2	130664052	130664588
2	102037217	102037347
4	43957117	43957736
1	136354555	136354685
13	34156275	34156405
3	135206763	135206925
2	132035414	132035914
15	73491586	73491760
11	107422354	107422854
10	13429894	13430057
5	127610692	127611195
X	159696916	159697520
11	61104233	61104749
7	47028784	47028897
1	95268574	95269074
11	100619410	100620066
12	72674360	72674817
11	3547866	3548366
6	97464016	97464644
6	124813938	124814487
6	117687012	117687516
16	10821432	10821564
4	63368524	63369031
3	90231318	90231845
3	51636730	51637230
5	124219381	124220002
5	136077115	136077245
X	103990559	103990689
15	103163135	103163647
6	113229503	113229660
5	97913882	97914382
4	115062469	115062997
7	88207335	88207890
11	97325345	97325481
12	110598491	110598992
10	95418000	95418155
2	132004156	132004317
18	35561833	35562358
17	46045642	46046142
16	29629215	29629347
14	87215045	87215556
9	88858715	88859256
2	132039727	132040227
2	29573521	29574032
5	121545741	121546285
4	134460193	134460693
15	80706220	80706359
13	9015160	9015287
15	3234287	3234398
7	30394263	30394795
16	23285014	23285144
2	134681453	134681593
5	17897778	17897937
9	56947596	56947732
9	44579306	44579806
17	74328080	74328580
11	51615709	51615869
5	113167866	113167998
9	7742871	7743013
14	57772662	57772792
2	29365386	29365545
7	29126472	29126972
9	7553740	7553870
11	115631190	115631320
14	56813365	56813495
5	98033121	98033294
4	133009254	133009396
9	108338918	108339481
13	76484049	76484549
10	42089065	42089577
18	68189669	68190187
15	103172650	103172782
15	73481813	73482315
14	65374752	65375275
2	11635557	11635687
6	122339746	122340400
5	23432655	23433664
10	118882430	118882950
2	31847969	31848099
2	84888787	84888927
16	76054230	76054334
X	75382033	75382966
13	89077206	89077552
15	72896904	72897419
19	16110819	16110949
9	40350787	40350920
1	21101172	21101672
2	132126381	132126511
6	145090196	145090797
2	4559325	4559970
2	153052886	153053422
17	27011876	27012434
10	3972825	3973345
2	164769507	164770028
18	15178168	15178694
1	156956166	156956819
6	38871162	38871338
14	73445864	73446364
9	80002703	80003205
6	82780968	82781468
19	4228431	4228568
13	19411791	19412291
8	106168588	106169114
1	36052486	36053086
7	101466300	101466430
X	169109976	169110466
19	4019128	4019678
1	37737151	37737281
3	58396569	58396812
6	70804709	70804870
13	91451526	91451688
10	80444479	80444609
15	79808021	79808521
12	85183042	85183172
17	66106836	66107341
1	189023192	189023689
10	75837154	75837729
3	121419010	121419552
10	39339812	39340312
10	39321171	39321702
11	115412506	115413995
15	84577015	84577529
13	48858798	48859052
7	140959297	140959435
9	22388957	22389552
3	107357078	107357578
17	44130382	44130892
5	66618519	66619019
17	78455057	78455559
15	62032235	62032365
9	20901424	20901916
1	162564893	162565384
16	38345032	38345162
2	35996739	35997267
4	150281247	150281757
6	48645591	48646092
5	28070919	28071540
17	35870222	35870431
16	43435102	43435234
17	84790335	84791163
4	3229724	3229850
X	142818241	142818741
10	118944277	118944433
8	94978566	94979066
17	89969681	89969811
11	57686004	57686504
10	93143915	93144045
15	100757338	100757838
7	101471383	101471893
9	54732254	54732385
3	122406536	122406683
18	60923625	60923755
3	22008360	22008490
16	33166203	33166703
2	83723777	83724648
15	73553459	73553962
5	120648583	120649189
5	142376187	142376317
6	146697968	146698486
10	26799611	26800222
6	125498301	125498437
1	36744553	36745053
X	20307159	20307661
11	55423848	55423978
16	22547987	22548497
X	159269187	159269319
11	70413908	70414413
9	104099783	104099913
2	112448146	112448281
16	23286612	23286758
19	26511020	26511150
9	116253306	116254161
9	20916288	20916436
2	128948137	128948626
3	82350448	82350580
17	21650044	21650163
1	39749601	39750101
11	8589445	8589971
1	87740547	87741048
9	78191682	78192214
4	133174273	133174775
12	85436030	85436530
14	52295775	52295910
9	96381546	96381676
8	3336915	3337437
19	41022145	41022781
6	145883708	145883884
10	117393176	117393705
1	136345844	136346379
4	94919481	94920324
5	97125931	97126431
6	118568774	118569485
15	102761881	102762026
14	73110781	73110917
6	120457220	120457358
7	28601153	28601289
11	72595437	72595567
15	76925379	76926009
18	20992692	20992830
17	28281856	28282383
13	107838155	107838312
16	94185507	94185663
6	149141203	149141787
11	69041725	69041898
9	66337495	66337625
17	73417345	73417859
3	88138172	88138938
13	76523944	76524074
15	98933676	98934702
2	164073763	164074369
19	57123410	57124248
1	155109263	155109790
5	32413751	32413907
4	118336607	118337107
3	145968891	145969417
10	80748734	80748904
18	65788906	65789406
8	64871984	64872114
8	123318362	123318900
13	18698791	18698935
11	63922154	63922664
X	52746904	52747102
3	122378797	122378927
16	92921735	92922336
5	146904340	146904844
2	166905715	166906296
12	54205345	54205475
13	35119915	35120050
12	79097515	79097639
12	105019798	105020320
15	9533672	9533778
15	53128683	53128813
17	45766891	45767428
11	40775414	40775914
2	26603839	26604020
11	57758356	57758856
17	63321365	63321515
10	39291983	39292132
4	155734456	155734956
8	69270771	69271298
5	122422061	122422699
10	81173038	81173546
4	40781310	40781440
17	46041202	46041702
8	120538730	120538976
6	125165418	125166060
3	14880217	14880807
10	111119139	111119736
11	106305887	106306057
10	128455264	128455764
7	88277773	88278350
17	29178776	29178923
1	177845970	177846112
3	116861599	116861729
10	111446248	111446756
9	110333027	110333554
1	85874704	85874860
18	6145069	6145195
13	109213108	109213247
17	26370956	26371086
5	24039439	24039951
5	124536827	124536957
5	140847114	140847619
16	56075081	56076260
9	90113628	90114138
17	35200561	35200731
11	68485196	68485696
13	56189781	56189920
13	19855041	19855171
6	127105256	127105401
16	24012192	24012341
5	117824650	117824791
3	66331816	66332317
1	105980756	105981375
8	129233798	129234641
3	127791095	127791543
7	35797503	35797629
4	59575130	59575616
12	103367815	103368315
13	93538368	93539615
X	52775946	52776451
8	126652288	126652418
10	67302456	67302586
12	117447026	117447759
2	26606741	26606871
8	126666383	126666912
15	80945981	80946120
10	111422547	111423047
7	27685826	27685967
2	119034528	119035040
6	135188852	135188933
4	108578884	108579621
6	22424241	22424408
4	109703496	109704006
9	21161276	21161802
7	110432206	110432718
10	30627592	30627723
13	76609603	76609733
7	47023468	47023968
1	106818490	106818620
14	47459677	47459807
11	61102611	61102741
1	161968872	161969436
12	112719106	112719236
13	80862146	80862646
10	19583072	19583202
4	132532951	132533451
9	108192603	108192733
7	35659098	35659600
15	64059318	64059835
9	96399307	96400004
5	106739825	106739955
1	177806898	177807037
7	17155747	17155889
1	74312065	74312578
3	79568616	79569147
1	39527389	39527893
14	67097022	67097152
2	167376193	167376731
16	20213538	20214048
15	85328576	85328713
10	25331823	25331940
1	13599052	13599162
19	17386420	17386550
10	121501064	121501574
13	32849177	32849397
10	115323237	115323747
9	53254305	53254808
1	177260948	177261080
8	119428050	119428180
11	106355801	106355931
10	77130501	77131014
14	115017494	115018161
X	77509085	77509619
5	100569179	100569988
3	96172166	96172782
17	28692481	28692611
10	39311253	39311869
9	109118017	109118603
2	167656800	167657311
2	103496134	103496264
8	79161333	79161854
3	90323258	90323400
15	79071793	79071931
12	32267807	32267937
12	86945236	86945372
12	85339129	85339645
7	127244146	127244716
6	122760923	122761457
17	31877374	31877504
5	122678132	122678262
12	112562971	112563471
17	35897148	35897731
8	83450106	83450236
18	35724837	35724979
6	86401212	86401348
2	127006726	127006865
2	167680795	167680933
15	95837115	95837254
2	132127251	132127381
6	86806374	86806874
12	25189231	25189406
17	12084873	12085003
10	19494497	19494675
7	110840421	110840602
17	71001966	71002904
19	6331770	6331918
9	96369726	96369860
1	38664736	38665274
18	31634582	31635310
9	54676391	54676891
1	13600543	13600699
4	137890529	137891029
5	24983486	24983998
10	25395503	25396054
18	39020627	39021324
5	137277800	137277930
11	62602421	62602978
4	47342808	47342994
3	68954454	68954954
5	136790739	136791255
5	32413142	32413298
3	132683792	132684367
4	141724841	141724997
13	51800858	51801406
12	85468700	85468893
2	151994719	151995219
6	124481704	124481842
1	91038135	91038305
16	23284884	23284979
15	57651420	57651550
11	83936263	83936769
11	106269200	106269381
6	145088571	145088703
11	29266959	29267615
5	30637977	30638487
11	87751684	87751825
10	44071060	44071571
15	4027217	4027717
9	37568082	37568617
3	94965156	94965286
11	46278069	46278644
10	75151273	75151804
18	82534290	82534799
5	30647655	30648166
15	100307816	100307964
7	80074748	80075571
8	11755793	11756294
16	30061436	30061574
10	58371155	58371678
15	64023648	64024467
5	123394347	123395006
6	22423456	22423956
8	85698968	85699468
17	46371649	46372161
X	7325599	7325729
14	36931949	36932414
13	117052713	117053213
18	60799166	60799296
7	88229170	88229326
10	127076208	127076338
15	59275195	59275325
18	30218506	30218636
9	19621778	19622500
11	20532245	20532375
18	15194974	15195474
17	27047879	27048009
5	106709505	106710005
13	109230388	109230588
17	8991280	8991427
15	86038771	86039275
4	40777267	40777449
10	81285635	81286146
2	29820309	29820809
9	20997209	20997431
12	99467990	99468490
11	6520732	6521232
10	128094578	128095078
11	3573091	3573626
6	117660488	117660992
1	54888184	54888839
1	58392540	58393395
11	30269650	30269780
10	80751391	80751891
16	33178230	33178816
14	102907604	102907740
5	142350532	142351035
3	65991114	65991260
1	179502559	179503060
17	34962150	34962650
1	21647038	21647544
19	37543551	37543707
13	100844079	100844209
13	21172798	21172928
2	102885424	102885580
15	80572199	80572699
7	92105622	92105761
13	45005743	45006251
6	22402649	22402779
1	86233829	86234230
X	50836327	50836827
17	46835243	46835743
9	95120000	95120504
2	155534260	155534391
12	73584411	73584984
5	148554788	148555033
1	74954291	74954421
4	109165447	109165967
14	73086564	73086694
5	113119774	113120394
15	53353849	53354354
2	112378857	112379429
6	134020902	134021177
13	62964602	62965125
14	61460494	61460624
19	29066956	29067466
4	40287361	40287833
19	3935829	3936082
16	16202124	16202262
4	107935195	107935695
4	122892051	122892631
6	86488155	86488288
X	71492429	71492947
3	88509772	88510498
10	7076285	7076417
14	47194209	47194339
8	84902921	84903644
5	48345612	48346124
19	46499603	46500120
16	76053436	76054045
15	9429973	9430103
14	61589324	61590115
1	181284402	181284538
3	60611801	60612324
3	16152858	16152988
10	115343183	115343382
6	134186227	134186773
12	3983673	3984187
3	95650719	95650875
12	117499136	117499636
3	51128919	51129063
2	167383579	167384134
1	177343253	177343340
16	29996313	29996500
5	150220455	150220585
6	120644691	120645365
2	155696231	155696734
1	128614643	128614773
17	50205298	50205405
11	51606676	51607221
11	11547759	11548259
16	44962741	44963241
15	94602503	94602633
1	105971810	105972311
13	109231622	109232144
10	19584251	19584381
12	33280740	33281244
2	38300168	38300298
3	89436453	89436953
6	119396364	119396520
12	103371672	103372172
3	9892866	9893366
13	55516903	55517414
3	96414632	96415132
18	24045781	24045961
9	121352022	121352522
13	62952180	62952310
2	71474343	71474843
3	9173733	9174280
19	17388570	17388732
4	22358112	22358242
1	170632304	170632821
15	73486282	73486438
10	39412975	39413589
9	55937971	55938495
8	58147087	58147225
2	38417910	38418410
5	107891643	107891782
11	86200990	86201522
3	68905345	68905861
8	41443494	41444002
8	68606795	68607026
19	47538693	47539211
16	58514618	58514758
10	67311247	67311747
3	79531623	79532145
2	103495669	103495842
5	100597827	100598353
9	72955490	72955991
17	32432107	32432234
2	103484932	103485534
14	50799736	50800239
10	117383848	117383978
9	82829542	82830256
13	109298785	109299354
13	83458635	83459146
9	94550368	94550524
5	93093020	93093634
16	14162949	14163475
11	76497694	76498194
4	127022118	127022627
X	74115538	74116045
13	100750874	100751006
12	8180918	8181377
13	72526829	72526959
15	102735201	102735331
13	117033771	117034370
8	119423676	119424280
10	122105347	122105849
5	123140850	123141635
16	5013336	5013909
6	49217846	49218459
14	103475276	103475764
4	8598364	8598867
19	4207089	4207245
1	135056825	135057344
19	57150230	57150733
17	44188795	44189302
18	68194407	68194907
3	87499059	87499560
13	91662700	91663204
13	70677843	70677973
9	107640342	107640565
2	75985087	75985587
2	18026314	18026814
6	87002686	87003196
4	137945559	137945692
15	55112065	55112639
19	40809777	40810284
2	72278694	72278793
5	113181596	113181726
X	50835482	50835982
2	32715265	32715408
4	150047512	150047642
5	146914327	146914827
2	102030770	102030906
9	51990948	51991095
1	171231834	171232334
10	58249680	58249800
17	57290215	57290866
3	19319978	19320138
3	95645228	95645749
14	47597753	47598253
15	59393861	59394378
15	74152969	74153099
5	130163656	130164156
4	137851403	137851903
4	115731519	115732019
14	115040589	115041191
3	96580085	96580612
3	51981357	51981893
10	59692536	59692719
15	100747050	100747188
6	22390714	22390844
13	34875263	34875804
18	60921919	60922448
3	30975343	30975843
19	6076946	6077506
2	112449738	112449876
4	55343459	55343608
7	125747362	125747494
13	42835606	42835749
5	122731820	122732541
16	22517532	22518103
11	69846236	69846833
2	10153199	10153699
9	21152862	21152998
11	68965981	68966118
10	58359253	58359384
1	183979629	183980251
11	115714640	115714783
13	70654545	70654675
17	88095490	88096052
14	65343502	65344038
2	79372536	79372671
9	101313930	101314453
10	81551612	81552112
8	71463424	71463924
5	65706296	65706426
7	75822489	75822619
7	73583959	73584467
7	30614607	30614736
12	105000836	105001410
2	162922133	162922630
8	70488266	70488901
8	85555134	85555652
14	45325599	45325760
4	137909453	137909953
12	12254329	12254477
17	84858747	84859247
10	111471126	111471599
5	136678701	136678831
6	49228420	49228556
5	100038739	100039248
4	131805455	131805585
9	7554509	7554647
14	20294380	20294910
8	25264318	25264452
8	46002057	46002225
5	125390000	125390161
7	80849380	80849543
X	142821742	142822242
2	157649170	157649300
15	35292804	35293307
11	117299680	117300180
9	21724033	21724583
6	148514281	148514360
8	94199424	94199931
10	93124221	93124738
3	51156760	51156890
17	63198830	63198960
7	75835616	75835772
4	117397964	117398464
17	45578990	45579123
4	133011407	133011587
15	85969684	85970188
8	25119486	25119989
8	94205709	94206209
3	37324411	37324541
15	59303703	59303833
11	117265859	117266465
5	127611232	127611388
3	136380760	136380952
13	18057171	18057674
4	129803502	129803632
4	132509727	132509857
8	25618212	25618352
8	4612840	4613368
1	59912655	59913192
8	3358175	3358351
1	180624039	180624171
12	40140848	40140971
3	138713284	138713414
15	67145435	67145565
9	29617080	29617618
8	123406743	123407243
13	52565494	52565635
2	31667469	31667614
3	84337719	84337849
6	129248383	129248515
7	101482238	101482738
8	61451042	61451188
1	182284875	182284993
5	121201849	121202002
11	116852894	116853999
14	87493695	87494196
7	126637060	126637560
14	26994121	26994910
2	128403406	128403536
10	117940824	117941359
11	105124145	105124282
12	32212649	32213159
7	81921295	81922053
1	106815203	106815703
10	43560898	43561036
15	89356272	89356772
14	73333782	73334305
7	16931916	16932431
12	8901087	8901217
5	36373161	36373730
5	148564904	148565163
12	85443624	85443775
15	78532113	78532626
2	53191018	53191597
9	88542920	88543050
6	135193761	135193924
5	100585111	100585638
14	40894566	40895066
8	91154758	91154888
5	103699480	103700024
16	17939496	17939626
X	74125097	74125227
10	88389500	88390000
8	85700540	85700670
3	79561874	79561998
7	97747988	97748488
1	172301381	172301511
16	94297331	94297461
12	79193382	79193891
17	27004553	27004711
5	65718405	65718535
16	35056462	35056603
5	150600788	150601288
1	74313256	74313764
16	37684625	37685125
4	117478041	117478576
7	44970044	44970544
2	178098131	178098263
4	145583236	145583392
18	35063456	35063586
1	156672735	156672901
3	87030791	87031297
10	34280669	34280805
7	143748308	143748813
1	177338824	177338961
2	31469857	31470447
14	25785338	25785493
6	91116644	91117324
10	99081397	99081918
6	37732304	37732819
18	46574209	46574767
3	138673484	138673619
13	54176596	54177096
12	80146554	80146686
5	136664451	136664977
2	180695338	180695498
4	53504416	53504546
15	76710355	76710871
7	24364692	24365210
2	113929423	113929514
12	80141588	80141758
19	42143874	42144374
12	32245970	32246126
11	119089095	119089595
9	35267514	35268036
11	50378524	50378660
3	87500213	87500356
X	129690544	129691044
X	12540943	12541456
7	99546296	99546905
12	78205753	78206266
14	102920419	102920902
5	109845010	109845140
4	132760368	132760531
13	59886717	59886847
6	43686078	43686208
2	38826307	38826461
6	15626317	15626407
2	30065926	30066688
11	117360001	117360131
1	134854267	134854770
5	136691100	136691630
X	8145029	8146002
8	105596791	105597032
13	42905438	42906322
9	103408245	103408383
4	126211792	126212292
6	70797787	70798290
7	45717743	45718315
16	91458313	91458443
13	52573270	52573380
10	45051050	45051560
6	82780610	82780740
12	100109779	100110430
3	153692613	153692743
11	40763522	40763666
13	24413272	24413495
1	6454150	6454280
4	48116320	48116451
9	106788945	106789445
7	45233521	45234045
2	167367301	167367815
13	53394031	53394161
6	47798981	47799494
4	129263332	129264203
16	25715901	25716069
13	74349999	74350541
18	65013426	65013927
7	16296722	16297246
15	12117545	12118060
4	11088469	11088969
10	128895385	128895895
4	44247698	44247828
12	69724650	69725237
5	105684776	105685278
19	27450390	27450894
11	60412312	60412449
5	43145815	43146340
13	102644785	102645295
1	170622826	170623326
9	78428075	78428698
1	128675589	128676007
17	75370060	75370560
10	86685051	86685771
1	52307062	52307218
16	30596940	30597441
7	79228454	79228965
18	6702717	6702854
2	164822724	164823257
10	75586158	75586663
14	30648636	30648766
2	32655757	32656343
16	26689685	26690203
1	121379668	121379798
2	180070313	180070825
10	45546773	45547271
4	34650119	34650255
1	180626461	180626597
7	133632578	133632712
10	111100002	111100509
4	138922006	138922513
13	100815643	100815787
8	61479949	61480083
8	20513853	20514353
13	9846763	9847264
11	26386924	26387706
11	11960756	11961256
13	108204938	108205094
17	47646631	47647131
14	27428495	27429797
1	120265135	120265735
3	60469530	60469700
13	23581232	23581789
1	80765472	80766011
9	44310464	44310720
18	24142301	24142431
3	87515639	87515769
2	29310087	29310230
8	88266079	88266583
2	18154139	18154258
1	184067065	184067200
2	112538900	112539032
17	56159883	56160013
13	90917380	90917510
2	37735931	37736061
6	146702676	146702806
3	58581525	58581981
5	65514550	65515341
9	121313707	121313855
14	75164022	75164152
1	135133119	135133277
16	4436885	4437049
18	57337898	57338034
1	36064841	36065341
1	59895413	59895913
3	89393436	89394004
7	80832938	80833439
11	35838245	35838821
9	100911670	100911791
9	18230089	18230223
4	21712086	21712666
11	108173655	108174099
17	79022921	79023059
7	15929832	15930341
5	33009725	33010225
3	63963392	63963530
9	21723298	21723814
3	51358069	51358569
2	148875275	148875822
11	32504842	32505550
2	26153938	26154444
12	117572758	117573266
17	72890038	72890540
5	36704879	36705015
13	88805901	88806411
6	72401764	72402265
5	148994959	148995486
1	161998857	161999021
10	43574849	43575355
3	88467082	88467595
1	189080902	189081039
13	96697709	96698220
5	136780423	136780924
9	28341915	28342045
5	77253287	77253426
11	102245235	102245344
15	88555444	88555945
1	181256292	181256428
7	105810859	105811521
17	51903906	51904416
5	32134945	32135075
13	59875715	59875931
19	5015232	5015375
13	102604785	102604915
19	40708069	40708644
15	78730642	78731142
X	100470223	100470353
1	6453515	6454015
19	37509668	37510189
2	157613901	157614401
16	4567833	4568345
13	76484841	76484971
15	73067287	73068094
9	121331365	121331893
1	156741832	156742335
14	11329942	11330443
11	44510629	44510759
13	68581880	68582488
10	62339947	62340522
3	21987994	21988558
16	92726759	92727259
15	5261110	5261327
10	117402353	117402853
9	116218797	116219308
5	103680278	103680786
18	9743286	9743416
17	42943346	42943858
13	42609091	42609221
1	160036929	160037434
12	77178281	77178548
7	127351774	127351903
14	27237711	27238231
7	80849664	80850184
5	123132295	123133234
2	93187166	93187774
11	96867070	96867576
10	81997118	81997628
1	71505797	71506297
2	154916642	154916772
15	101165733	101165863
10	45511894	45512022
9	22533197	22533328
9	121284577	121284707
9	118029627	118029757
7	123205237	123205731
17	84820726	84820856
3	130715159	130715675
8	70873248	70873885
12	87017171	87017301
5	37044769	37045292
8	123319707	123320207
14	63561776	63562407
13	19465767	19465897
12	51844930	51845430
9	22518583	22519086
13	41515467	41515967
12	76361202	76361702
3	138002645	138002775
6	22390859	22391359
3	87504466	87504608
10	126905726	126906283
X	98989506	98990017
9	46009763	46009842
5	8996938	8997541
5	137307449	137307979
6	129180234	129180778
11	94129742	94129878
9	37348187	37348696
16	13022832	13023332
11	76587965	76588465
14	73303117	73303627
17	28308766	28309266
13	96375641	96375776
19	36815323	36815442
13	109609924	109610080
4	133160994	133161150
15	5302369	5302869
11	115139009	115139139
18	37907992	37908495
2	29003949	29004449
13	25024784	25024922
3	104818121	104818621
18	67454316	67454456
6	87810670	87811244
5	124538900	124539030
X	50805608	50806127
11	32450071	32450577
4	116443309	116443809
2	32757490	32757990
13	56191353	56191488
19	42128864	42129419
5	17839747	17839883
14	8207178	8207308
1	184824480	184824988
8	113632764	113632893
15	53216272	53216772
13	51813847	51814358
15	103280955	103281104
6	119116417	119116548
4	135876472	135877104
11	8708629	8709149
7	100684541	100685052
3	96090214	96090344
15	9548888	9549506
11	106491365	106491867
17	40342575	40342716
14	46723842	46724342
1	133029873	133030005
9	42688265	42688408
18	35093463	35093609
8	121933252	121933382
17	63189260	63189783
3	81932362	81933251
7	28013936	28014510
10	58354519	58355116
X	130415501	130415631
11	23235479	23235635
9	121360950	121361450
18	82454027	82454527
3	95153819	95154319
14	103537302	103537820
19	11768279	11768421
2	28585106	28585610
3	9885170	9885287
7	84164953	84165130
15	85315584	85316086
11	118423386	118423533
11	49241582	49241716
17	45572501	45572671
11	17013100	17013221
2	177272421	177272561
10	81175126	81175265
10	42896230	42896730
2	155011174	155011780
16	20496720	20496888
8	27260934	27261571
10	127318125	127318273
11	97798750	97799255
5	24053190	24053667
13	52578015	52578203
13	109239191	109239711
15	38129960	38130090
9	53751003	53751133
6	18839706	18839836
2	57117506	57118009
13	41491434	41491943
5	142367694	142367914
15	73505660	73506177
2	27355772	27355902
1	160184641	160184771
11	77793108	77793680
3	82333571	82334093
6	58772139	58772269
15	12196712	12197212
8	79587395	79587525
1	39734449	39734579
12	105013008	105013523
12	77009169	77009678
6	39567701	39567819
4	59000723	59000865
19	9978299	9978799
13	59842740	59843242
5	125348393	125348893
8	70158270	70158943
9	114956945	114957446
16	76054457	76054587
17	22410697	22411197
2	94465737	94466237
10	59292732	59292866
4	133675711	133675848
6	6581949	6582111
10	58383213	58383784
14	26572163	26572725
5	109866412	109866940
18	6148408	6148919
4	48481431	48481561
2	28796447	28796604
12	70430667	70430798
2	167679876	167680385
17	33798423	33798553
15	73748011	73748587
11	61280371	61280501
17	31570212	31570714
6	48746418	48746918
1	177316313	177316813
6	72438807	72439307
7	112084996	112085506
14	73098647	73099159
2	69955583	69956086
13	88794873	88795379
6	29649730	29650250
5	114175470	114176062
7	27804562	27805071
11	59839070	59839589
7	135768744	135768885
8	68157343	68157473
9	114668129	114668259
10	121507276	121507776
6	3386687	3386817
12	13248962	13249489
X	100468065	100468565
2	167634345	167634864
2	167375230	167375361
7	75820580	75821111
11	102411829	102412004
5	67189480	67189631
18	6142435	6142565
6	128308291	128308803
17	63575695	63575829
3	105899714	105900218
13	21167526	21167731
14	121919889	121920019
1	33892717	33893218
13	100832098	100832598
7	66321168	66321301
9	110297034	110297547
17	46075255	46075385
15	79834154	79834666
17	46073767	46074296
X	20272101	20272259
14	87422543	87422673
15	80277581	80278082
17	27827047	27827171
1	74763022	74763522
X	12086947	12087110
11	115080981	115081148
15	103165362	103165862
14	26993553	26993742
3	105895230	105895730
17	27830477	27830615
8	122830348	122830850
10	62549704	62550215
8	84986113	84986300
15	59291592	59291727
7	80018471	80018971
1	72214400	72215050
9	105494936	105495461
5	123346150	123346650
5	98147037	98147175
9	56264209	56264893
15	73492158	73492688
11	77791974	77792104
4	120368787	120368943
9	21091815	21092344
10	95514566	95515368
18	82525770	82526564
17	21650271	21650843
6	108570460	108570647
17	27001240	27001376
15	35276859	35277359
6	22408729	22409229
18	24042814	24043328
13	3896874	3897375
12	72694060	72694197
11	29267987	29268120
7	126746964	126747094
18	14773975	14774112
1	189028372	189028522
16	76069374	76069511
7	108966933	108967433
7	30887503	30888003
16	62646251	62646381
7	111109707	111109837
19	42157617	42158117
13	53377089	53377845
11	51617798	51617930
17	23748855	23749368
12	25155458	25155588
4	19574766	19575308
6	133969616	133969746
14	73441795	73442305
13	24608102	24608266
3	153566223	153566353
6	50588189	50588707
6	86816662	86816911
1	176992971	176994129
2	70835801	70835956
11	6187747	6188248
11	8701898	8702028
16	24076420	24076966
7	88206395	88206859
5	148595436	148595566
13	41244553	41244683
13	91460789	91461317
18	65795419	65795572
2	33436403	33436536
9	45280163	45280307
15	88585144	88585274
17	31039558	31040129
18	56707264	56707981
11	70720593	70720810
16	16150826	16150969
4	131910331	131910925
1	171118165	171118665
4	134041686	134042207
3	106789849	106790370
13	54153774	54153904
3	86149197	86149327
18	24044804	24044941
15	58022839	58023344
11	100853163	100853314
9	64960534	64961142
11	88187566	88188169
3	153616915	153617112
X	20961385	20962327
13	51830657	51831169
1	178336312	178336815
10	128008197	128008705
7	97745430	97745567
4	132514854	132515010
9	37276285	37276793
2	92438084	92438241
4	62561174	62561686
5	146905726	146906230
4	114997135	114997253
8	36122341	36122897
8	84846772	84847372
5	122233854	122234068
9	119328483	119328983
1	157016779	157016915
19	6506884	6507021
10	25403851	25404351
9	94529316	94529821
10	91270426	91270592
5	136589966	136590100
15	95838323	95838847
2	144267726	144267904
1	75524662	75525167
19	61244631	61245169
16	23314704	23315409
2	153038508	153039008
5	24052263	24052763
9	98601434	98601952
5	146659606	146660134
12	4080251	4080751
8	110929024	110929524
3	83867138	83867264
3	90155914	90156418
17	27028482	27028710
9	42532983	42533515
2	148877308	148877812
14	52196995	52197700
2	113923990	113924490
11	6184293	6185042
10	127123595	127123738
13	83434822	83434952
10	128231511	128232570
9	22429767	22430412
11	95648779	95649279
1	170992548	170993048
6	3496154	3496643
15	57906571	57907100
1	195176506	195177027
15	99024560	99025075
13	42822510	42823046
8	105266788	105267288
10	17795902	17796454
12	102698142	102698272
3	90490794	90491319
5	67231806	67232308
19	18631381	18631516
11	69894580	69895123
9	85748639	85749638
1	63114249	63114997
6	106804979	106805115
13	29857343	29857843
7	27725550	27726050
1	21940749	21941309
11	108153913	108154426
9	66945776	66946354
2	27280812	27281327
4	154163443	154163584
3	149280898	149281071
14	55724582	55724694
16	16104205	16104731
17	28801409	28801954
14	78732840	78732971
14	20340331	20340468
10	71292183	71292706
13	34154132	34154632
11	115083255	115083761
16	29990704	29991224
9	20857064	20857567
5	139200239	139200871
14	36937294	36937816
8	25226557	25226689
15	80280621	80281121
13	9022699	9022855
2	117105216	117106021
19	44887614	44888135
6	135189887	135190389
1	161734813	161735338
4	137788512	137789185
6	122804359	122804872
4	45532332	45532832
X	168717917	168718417
7	48759286	48759416
13	117034820	117034950
18	46948918	46949048
15	88743528	88743657
17	57276791	57277310
3	153682301	153682881
8	79583506	79583636
12	111813639	111814293
14	73116895	73117425
6	49227318	49227456
15	94601471	94601627
1	155108450	155108649
16	37682513	37683021
4	59803310	59803834
5	127621055	127621555
2	37767272	37767517
7	100685578	100686078
15	3213654	3214159
14	62845042	62845542
5	107868199	107868702
5	24973307	24973531
12	102744970	102745155
9	51993653	51993785
5	129011589	129011721
14	122851809	122852309
4	129788846	129788976
16	91452025	91452171
10	116568486	116568986
8	9975413	9975498
16	4586479	4587072
7	79648965	79649465
1	178318007	178319355
1	156481914	156482044
2	11637010	11637517
16	90187604	90187734
18	9465086	9465586
5	104986660	104987164
X	142390313	142390911
6	38360179	38360309
13	100866215	100866715
12	4972884	4973403
5	86086753	86087301
8	25215737	25216242
6	29214428	29214610
2	29868857	29869476
19	41039037	41039599
11	84869863	84871157
10	59694254	59694384
19	45783294	45783854
12	109071339	109071550
19	36815868	36816377
1	172433673	172434185
4	106949717	106949847
17	45573061	45573626
18	6160542	6160698
4	11694662	11694832
1	128614896	128615423
3	144453570	144454077
6	119395474	119395604
7	141215464	141216591
18	82471642	82472155
10	59958626	59958807
1	127309062	127309640
7	97079173	97079303
18	35739829	35740329
16	18036639	18037139
6	117675366	117675866
12	82295280	82295762
16	4590332	4590497
16	32650935	32651473
4	148159796	148160346
3	138518024	138518154
17	12039123	12039626
14	61452612	61452742
13	77982469	77982969
14	27230868	27231004
15	73068978	73069117
7	97679368	97679507
7	24373566	24374380
15	4043069	4043574
4	11084888	11085027
15	73720691	73721202
19	6506274	6506774
6	82821842	82821998
5	45932665	45932822
4	44962268	44962760
8	79562160	79562316
11	59947914	59948463
16	43168575	43168708
19	44930714	44931851
4	138257167	138257761
13	63633634	63633764
11	79306387	79306903
13	54475903	54476033
17	47924536	47925080
13	64098927	64099420
5	142822381	142822526
8	121907449	121908191
8	72310762	72311277
14	73231235	73231402
11	3535159	3535747
16	14159152	14160227
18	67985456	67986499
2	26608303	26608436
13	80881827	80881976
13	91696993	91697503
14	73340270	73340780
6	54809533	54810033
11	93984582	93985082
10	44044867	44045005
17	26380926	26381082
10	127667597	127668536
1	120274928	120275428
X	56340444	56340588
2	37765202	37765395
2	117113820	117114334
7	137407632	137408142
7	118864091	118864221
8	27253611	27254116
10	20948295	20948794
11	103168788	103168954
15	9427946	9428108
7	102025864	102025990
19	57590959	57591100
7	121034222	121034803
7	30399552	30400089
13	19438112	19438621
9	119981522	119981652
11	79306061	79306191
6	70805244	70805744
3	21991774	21991937
11	101968781	101969290
17	94749767	94750339
7	114144067	114144197
1	135132530	135132703
12	3548724	3548854
3	20057498	20058044
16	45630289	45630796
13	109736429	109736568
4	3810165	3810678
2	148451309	148451439
1	181226713	181227235
5	136678888	136679462
1	171101704	171102591
2	73146194	73146324
17	12103912	12104041
1	167002627	167002795
10	20818641	20818801
5	34985795	34986295
9	13587139	13587386
1	135131139	135131286
6	83101200	83101754
13	88810234	88810374
14	61571302	61571821
17	73952166	73952691
7	46833362	46833527
7	6171830	6172774
7	91709785	91710300
15	59263338	59263882
3	122274075	122274609
11	85139943	85140522
7	140955725	140956225
16	4552772	4553274
8	109705211	109705754
5	25839527	25839669
6	97370072	97370228
6	113675430	113675560
9	78596800	78597300
3	153719427	153719927
11	107385401	107385544
18	6166001	6166131
17	46034052	46034545
15	94557415	94557920
5	139505021	139505521
9	25196808	25196944
2	33433018	33433164
2	59599767	59599937
13	41238694	41239194
11	9499750	9500252
15	102316375	102316515
6	134794336	134794484
10	67966018	67966578
19	42158427	42158557
12	40017102	40017232
19	44430405	44430540
11	31386619	31386749
3	51989020	51989613
13	93531795	93531951
11	97415320	97415820
10	80423695	80423841
10	34131311	34131836
4	118347980	118348110
10	117747907	117748063
14	73105285	73105800
17	31040238	31040761
13	51844777	51844917
1	189107304	189107442
3	137991134	137991647
5	115187103	115187827
5	150176736	150176866
1	156989448	156989633
11	31675549	31675694
11	50371419	50371575
4	53538431	53538931
11	31696358	31696488
6	37842703	37843203
16	91446969	91447099
X	74103797	74104297
4	44097734	44098234
10	111108005	111108136
8	109917237	109917737
11	74832029	74832562
1	165641337	165641850
13	69852458	69852604
11	62281165	62281698
11	69067003	69067153
11	117318806	117319306
6	120604783	120605009
6	118574324	118574840
9	57907318	57907452
5	103356061	103356191
4	135150531	135150693
9	96375777	96375907
15	55547304	55547445
9	121928539	121929052
10	20882526	20883062
13	58188350	58188863
1	132312772	132312913
18	35959439	35959569
4	20122266	20122775
5	31526621	31527249
19	32717684	32717818
12	73881367	73881870
14	62865584	62865721
X	166167440	166167596
5	113173253	113173766
19	6502074	6502243
7	141924860	141925363
17	46852817	46853034
1	128653395	128653525
17	35201968	35202170
3	135699692	135699822
9	7728825	7728955
1	6657268	6657407
16	30227237	30227857
9	55140196	55140326
10	81550355	81550511
10	80443081	80443237
10	71239498	71239998
X	101419562	101420205
19	16353530	16354037
1	161999732	162000256
3	116835963	116836477
2	126996730	126997250
1	55512926	55513056
4	150269387	150269563
5	35971977	35972119
7	46838900	46839061
3	153668979	153669109
6	134917234	134917364
4	150486022	150486520
15	84601094	84601224
12	77000003	77000503
5	115516045	115517056
15	67174501	67175003
14	103486912	103487449
2	91078386	91078917
17	33929229	33929764
12	117479140	117479281
1	9943911	9944453
3	96057615	96058125
1	6658522	6659030
10	127694795	127694931
4	107937358	107937496
1	66700493	66701018
9	20861954	20862084
3	60497078	60497218
7	25689081	25689746
8	27023411	27024016
5	100581938	100582067
9	116198693	116198803
1	23399714	23399844
1	128447150	128447650
15	74709089	74709797
1	133039347	133039857
13	113638797	113639297
3	121426822	121427389
X	159757062	159757562
11	63925258	63925509
13	109229288	109229447
13	12522464	12522604
18	82462111	82462241
2	102944281	102944413
3	107815972	107816472
14	79390529	79391048
8	61478232	61478373
12	35038702	35039302
5	140263898	140264472
6	100608378	100608882
4	132628867	132629014
7	65125763	65126265
5	64069968	64070468
9	44567551	44568075
1	171614095	171614246
13	45006494	45006994
6	108761176	108761306
1	128603196	128603326
11	48771803	48771933
10	123091704	123092204
1	134368722	134369222
8	113583955	113584083
3	88754276	88754776
4	95105848	95106461
10	75949497	75950089
5	146626793	146626923
2	37731416	37731844
4	47351551	47351686
10	26325432	26325562
10	83359778	83360426
6	136946346	136946476
3	84334107	84334253
15	80266191	80266686
19	40650251	40650333
2	164366674	164367219
14	14681724	14681854
11	104454337	104454475
9	59266494	59266645
5	63970342	63970845
13	52572370	52572929
8	121947837	121948006
15	73506219	73506736
5	35574819	35575330
7	88544352	88544853
6	112255973	112256103
18	50016702	50017226
8	48016447	48016958
15	99029961	99030506
16	17127412	17127543
17	24796923	24797411
9	57433242	57434193
3	135191725	135192306
6	125622574	125622710
1	156730917	156731047
1	160307091	160307754
10	80922068	80922198
10	44029702	44029835
16	20079749	20079879
2	11635942	11636502
12	117560364	117560915
15	27655120	27655382
2	119350840	119351429
4	118337158	118337288
7	35579768	35580268
1	171345407	171345926
5	97128599	97128736
15	55849665	55850263
10	59277023	59277523
2	130961977	130962107
19	41901657	41902157
10	43901483	43902017
2	165884470	165885023
19	6402043	6402173
6	129284287	129284808
X	23675618	23675748
1	189085215	189085726
8	72485631	72486277
18	56572594	56573224
X	100480269	100480769
2	24386227	24386754
X	103493175	103494244
4	58989428	58989584
19	5018294	5018450
3	51636093	51636241
15	9070895	9071517
10	111445924	111446034
7	66233170	66233708
4	3724813	3724962
6	145091032	145091162
11	97629532	97630057
5	24972150	24972397
10	7680925	7681435
15	85327883	85328013
14	14686293	14686437
2	32712089	32712211
12	40257153	40257665
3	51652163	51652675
7	80294003	80294598
11	44610799	44611307
4	3682852	3683403
19	4756188	4756712
1	55404297	55404797
7	28601861	28601999
6	120603577	120603714
7	43553009	43553601
2	32360812	32360949
17	32891131	32891953
12	55019237	55020061
7	12874246	12874751
6	140610294	140610424
15	51870949	51871450
19	57255314	57255444
19	16128605	16129120
5	105682460	105682598
4	59786765	59786914
8	25636959	25637089
13	12537908	12538408
12	85545730	85545860
2	23041341	23041858
7	24449014	24449149
6	86822747	86822877
7	27860243	27860842
2	157635783	157635913
10	58352550	58352654
16	32176983	32177113
4	108456076	108456244
13	41596534	41597076
6	119847732	119848800
2	148654909	148655418
17	71548699	71548831
5	148598421	148598654
4	136030964	136031098
1	143731040	143731172
1	53909043	53909543
6	124813349	124813849
5	100583249	100583350
6	71543586	71544106
16	8676964	8677096
9	103469629	103469776
15	3174808	3175309
2	156143767	156144446
2	155517684	155518373
10	111080407	111080563
11	75414948	75415630
7	101456698	101457286
5	104021605	104022206
10	39280254	39280808
2	76367103	76367611
9	121360358	121360488
14	75010919	75011419
6	142386856	142387395
3	105894875	105895005
12	99457801	99458308
3	84352554	84353056
1	153414929	153415458
13	74563646	74564189
1	152904515	152904994
12	85679391	85679893
5	45926092	45926222
8	69716238	69717434
10	81016767	81016940
6	48642899	48643031
8	44938040	44938202
1	189927627	189928127
16	17938785	17939297
12	54998957	54999457
16	8674132	8674632
15	99787828	99787958
1	177201525	177201628
13	19416156	19416656
3	129470006	129470508
1	120293691	120294191
3	127787159	127787315
1	52748205	52748715
2	167356708	167357347
1	52294607	52294763
18	73830938	73831068
2	29603889	29604391
6	35252338	35252947
9	79951237	79951823
13	34857671	34857801
19	43530116	43530746
7	97748988	97749135
1	63182751	63182893
1	7010297	7010428
1	54586080	54586210
8	25294433	25294563
2	72234884	72235388
19	46050366	46050866
2	18027298	18027901
4	44260271	44260752
19	37535113	37535243
8	122567659	122568239
2	164942826	164943326
4	59569459	59569983
1	55528680	55529244
9	44454068	44454576
6	52036250	52036380
6	140619855	140620001
13	46735795	46736301
17	63172093	63172223
19	10017912	10018435
15	99378917	99379073
3	65974591	65975113
18	53149542	53150042
12	78748492	78749024
10	126960630	126960760
12	77177277	77177783
2	4917457	4918026
5	136753995	136754532
X	98986562	98987062
10	99107840	99108402
5	146655334	146655905
14	73339717	73339870
2	71866751	71866881
5	32441598	32441728
2	35208897	35209480
19	40647482	40647982
9	35541412	35541912
3	88677267	88677781
17	57360006	57360141
2	92442596	92443096
9	29654819	29655319
2	26623058	26623558
3	105891877	105892103
7	79987910	79988048
1	92696797	92697297
7	126399486	126399987
2	119808842	119809342
9	107982637	107983137
3	87508157	87508667
9	45274796	45274867
12	12225632	12226177
12	111035290	111035489
16	90167629	90168137
6	97439473	97439603
12	41349974	41350100
3	142443287	142443808
13	111534087	111534646
12	8189655	8190155
5	125340842	125341412
19	9966088	9966267
17	89928593	89929093
10	84450649	84451163
15	76659527	76660419
1	121400385	121400515
8	120828223	120828723
9	116216630	116217130
7	88226018	88226148
3	104864173	104864675
4	130283714	130284214
15	76927702	76928209
10	9906184	9906314
11	97631869	97632377
6	86832759	86833264
16	92868486	92868986
16	20195483	20195993
7	16295341	16295866
3	36853959	36854528
4	46544254	46544755
11	44881238	44881750
5	100498482	100498982
12	65187503	65187619
12	25180989	25181114
3	60438738	60439238
2	94470676	94471176
11	108170302	108170524
9	46003636	46004138
15	85336066	85336595
3	130760691	130761195
1	19205511	19206017
17	5429326	5429830
1	121327541	121328118
14	61052361	61052499
5	92137450	92138164
12	110849998	110850498
18	60746966	60747096
12	112717081	112717584
16	22265696	22266299
7	126503226	126504012
18	15194388	15194906
10	78018649	78019173
4	125132347	125132847
12	80138914	80139044
7	29907963	29908747
11	116624057	116624609
2	90941019	90941151
3	96066200	96066331
3	22076403	22076986
9	37576438	37576959
14	47297947	47298531
6	35567709	35568209
17	12171802	12171941
8	104253142	104253286
10	19570353	19570456
11	97793086	97793599
11	8708064	8708564
5	139196886	139197298
9	13653103	13653235
13	34864350	34864878
15	67173292	67173377
13	54190092	54190222
13	6515443	6515943
16	17727166	17727666
18	38992767	38993298
9	40479291	40479791
17	47737590	47738090
13	54154711	54154873
7	73558463	73559013
15	102065577	102066085
11	101424748	101425325
10	117856320	117856450
2	157604963	157605471
X	50657960	50658096
10	95299701	95300201
5	125360925	125361472
3	83862932	83863438
5	100582377	100582903
2	154577528	154577658
1	43139541	43140060
7	19270185	19270333
1	162186803	162187303
9	88599292	88599818
16	32177218	32177745
19	5016917	5017067
9	7729082	7729238
9	62828123	62828253
11	6174824	6175347
8	94343166	94343677
11	43755563	43755693
1	75052234	75052368
8	25268050	25268198
11	79152663	79153163
18	39519368	39519498
15	78926599	78926776
1	157443556	157443712
15	64003288	64003423
4	150035308	150035817
13	97205326	97205830
X	7322425	7322563
19	37544107	37544245
1	91483253	91483761
15	3202373	3202515
11	116423950	116424512
3	51353311	51353811
1	161735610	161735740
9	124100219	124100726
7	128208155	128208656
18	39017774	39017917
1	160025706	160025842
10	78422786	78422926
2	181678737	181679249
15	66833514	66833644
4	44292550	44293050
4	136031690	136031842
14	78790397	78790897
9	59282316	59282816
13	106918629	106919123
18	34859681	34860274
2	155540698	155541551
8	46421638	46421768
1	133689889	133690389
10	95396474	95396974
7	105816869	105817008
1	171102764	171103349
13	51071334	51071485
1	189054151	189054651
8	3327988	3328138
5	74156698	74156828
6	108736088	108736589
7	111156097	111156233
7	27727599	27727740
11	117782227	117782309
6	37744786	37744916
4	11082843	11083343
4	155235194	155235720
13	6471588	6472091
X	7693007	7693137
1	160024191	160025032
X	77510570	77511155
5	115538555	115539128
4	58999600	59000100
15	83474087	83474236
6	120627054	120627568
13	51617891	51618392
16	18031877	18032014
5	124432319	124432845
13	51274584	51275084
15	95802325	95802455
12	84316558	84317356
14	122862605	122863105
16	8637295	8637975
2	134673554	134674061
1	162162440	162162578
6	108772860	108773361
6	56808573	56809075
11	34796208	34796373
2	128373854	128374370
18	64857982	64858121
2	37756933	37757433
16	90177392	90177985
9	45055444	45055574
5	65724437	65725209
4	34886411	34886911
2	127008369	127008894
14	75721935	75722446
2	31194461	31194595
10	19508292	19508822
4	137836076	137836225
10	75781158	75781718
13	63356489	63357005
1	172456046	172456176
5	125358243	125358721
7	43554453	43554982
5	123368791	123369293
9	99568672	99569186
13	51072123	51072253
12	51847903	51848403
13	102689847	102689977
11	86174148	86174648
17	83546224	83546795
9	109862352	109862874
19	53320744	53320877
13	100854116	100854616
13	83461674	83461821
19	42512533	42513142
12	41356183	41356310
10	59885317	59885473
9	96873154	96873284
5	144231533	144231668
7	98361160	98361689
3	58576360	58576899
7	73435876	73435962
9	121332025	121332488
2	35109215	35109733
5	140265110	140265610
3	135439367	135439497
16	22938466	22938988
10	78388311	78388441
1	9638700	9638830
13	62952536	62953071
5	24674168	24674670
13	70643630	70644134
5	115231192	115231322
8	119843389	119843896
1	170800657	170800838
1	157017462	157017985
17	46086394	46086537
6	3425517	3425647
7	46963158	46963682
5	146940089	146940592
9	108146361	108146861
11	5469015	5469520
5	115817136	115817266
12	117639434	117639564
15	102785170	102785308
17	24461701	24461837
17	46104419	46104982
18	24039516	24039665
1	160025269	160025425
4	155189765	155189895
11	95808538	95808694
17	72917972	72918490
2	118743403	118743548
9	109832264	109833277
3	9865385	9865515
14	115015406	115015536
7	75827846	75828349
11	104315644	104316152
11	113064658	113065158
15	4026160	4026859
18	32559794	32560307
4	127469842	127470356
5	117836874	117837381
5	113164720	113165475
11	76593484	76594041
9	107985853	107986050
1	167414789	167415290
13	21169544	21170050
2	76647796	76648431
7	13288727	13288857
4	53594167	53594667
19	44293739	44294276
3	153684569	153684701
4	139836163	139836663
19	7382831	7383354
8	120821312	120821812
4	120387596	120387732
13	69788597	69789169
2	168955058	168955745
7	119895577	119896114
14	14684678	14685182
1	21960344	21960851
4	130292240	130292765
19	46572890	46573589
6	70805848	70806377
16	37703997	37704126
11	120572711	120573697
19	41015861	41016783
12	103358921	103359891
3	60481671	60482226
10	80141139	80141747
16	4667108	4667625
4	116555898	116556028
5	117359369	117359884
13	21161124	21161660
15	97776647	97776783
9	124068329	124068829
11	76589932	76590045
8	45999734	46000261
12	108563374	108563504
12	51691817	51692351
13	102606367	102606867
9	56994641	56995174
11	20522773	20523273
2	180111937	180112067
4	3225968	3226067
11	54568084	54568216
4	119294317	119294878
11	103288384	103288514
12	55016867	55017069
1	177321860	177322372
15	72928607	72929653
13	12473707	12474214
17	87665359	87665858
2	129183718	129184218
9	51977338	51977840
1	54875229	54875359
13	51073601	51073803
14	57769201	57769361
1	52301374	52301504
6	113237424	113238059
15	102740086	102740216
18	20911331	20911803
8	94458531	94459062
11	97796986	97797142
5	25734445	25734576
14	73451822	73451952
2	62458264	62458410
13	117101877	117102007
12	25164800	25164991
8	120526702	120526919
9	119983699	119983873
7	29301239	29301755
2	172440160	172440800
7	19319869	19320453
1	133694671	133695351
19	24971354	24971609
19	16168962	16169092
6	86487174	86487691
6	37723452	37723645
15	102742512	102743027
13	62983454	62983584
14	50939048	50939187
17	47521492	47522017
1	133033555	133034187
8	84137967	84138097
1	156990186	156990412
18	49755212	49755979
15	53259152	53259664
1	53845457	53845622
5	115628214	115628349
17	34261624	34261780
2	24944422	24944575
7	100527879	100528009
7	73584666	73584913
10	20737089	20737589
17	24667575	24667711
6	119129585	119130084
11	48774647	48775147
5	136083639	136084181
7	24457551	24458081
14	20545913	20546909
11	117308204	117308753
3	127552782	127553709
14	26988814	26988944
4	139754053	139754642
6	125166531	125166661
6	100824707	100824837
5	113138459	113139082
3	20132917	20133047
11	48775624	48775754
10	20750150	20750280
2	5844715	5845502
3	105892666	105892811
11	58301290	58301420
12	111744148	111744317
13	59856426	59856557
2	53190842	53190972
2	177277640	177278140
1	36947579	36947702
7	19326480	19326612
19	38833340	38833496
13	51738095	51738251
16	48993862	48994459
3	21997503	21997633
12	16591316	16591822
12	77193190	77193692
14	55578141	55578721
13	108212273	108212794
4	134043125	134043291
2	73167063	73167564
9	15366099	15366229
3	84228456	84228973
7	19589805	19590324
9	27739422	27739560
4	129189430	129190127
18	46947292	46947792
2	155369120	155369642
6	119395678	119396178
10	20857853	20857973
9	55932427	55932942
10	39291267	39291415
13	23761020	23761634
3	51359122	51359651
5	100798341	100798860
14	86781549	86782050
10	127074965	127075470
17	17294025	17294631
4	120380930	120381460
4	106881319	106881449
7	19443363	19443877
17	78882398	78882898
1	172499804	172500434
13	62919561	62920061
1	165736085	165736601
19	40588230	40588762
4	130188895	130189399
1	128601356	128601856
15	5292414	5292944
6	86493678	86494253
10	128058663	128059216
11	88140252	88140765
10	20854952	20855497
15	103258247	103258803
9	94589738	94589888
11	101066987	101067487
9	96653521	96654068
6	38354313	38354852
19	6942250	6942779
2	35450307	35450485
5	127617226	127617748
14	11307216	11307346
2	153036618	153037138
1	52267516	52268020
14	73433629	73433759
19	29354814	29355314
4	117139235	117139735
17	80252989	80253545
7	15922130	15922851
19	6046268	6047269
6	50601550	50602058
15	80710826	80711454
13	52982716	52983242
5	122232965	122233487
7	47015643	47016224
2	26153411	26153541
6	86823869	86824052
8	68766699	68767200
19	57243777	57243951
