miRNA	Ikaros/Control_0h	Ikaros/Control_2h	Ikaros/Control_6h	Ikaros/Control_12h	Ikaros/Control_18h	Ikaros/Control_24h
ENSMUSG00000014077	-0.136354506	-1.114090468	-2.074662979	-2.014996851	-0.50457517	-0.592871519
ENSMUSG00000021606	-0.989669744	-0.076212742	-0.371697356	-1.606081066	-0.532060272	-0.149652516
ENSMUSG00000021866	0.2924947	1.071363836	-0.656639402	-2.781153656	1.288356782	1.790630763
ENSMUSG00000022051	-0.12347839	-0.666278234	-1.938896241	-2.088102448	-0.721530448	-1.689470105
ENSMUSG00000022066	0.171793955	0.711736655	1.570100778	1.781236774	0.445968122	-0.103071846
ENSMUSG00000023020	0.2924947	1.071363836	-0.656639402	-2.781153656	1.288356782	1.790630763
ENSMUSG00000023284	1.867729592	1.903324475	2.584278723	3.50439436	1.727617986	1.556607935
ENSMUSG00000027551	1.618230822	1.20861923	0.946861965	-0.004889363	2.292638783	1.156766171
ENSMUSG00000029047	1.753982131	3.194589544	2.828141848	3.093208434	2.515823737	2.711628192
ENSMUSG00000035370	0.2924947	1.071363836	-0.656639402	-2.781153656	1.288356782	1.790630763
ENSMUSG00000035692	1.618230822	1.20861923	0.946861965	-0.004889363	2.292638783	1.156766171
ENSMUSG00000037216	-0.125671436	1.604375893	0.352075059	0.841003723	0.318098715	0.284063204
ENSMUSG00000037526	-0.12347839	-0.666278234	-1.938896241	-2.088102448	-0.721530448	-1.689470105
ENSMUSG00000037553	-0.191635154	0.400892511	-0.64455408	-1.339880364	-0.084543089	-0.155512109
ENSMUSG00000037646	0.2924947	1.071363836	-0.656639402	-2.781153656	1.288356782	1.790630763
ENSMUSG00000039840	-0.223508992	0.283311456	-0.331679068	-1.877501317	0.514520678	0.14901162
ENSMUSG00000041961	1.618230822	1.20861923	0.946861965	-0.004889363	2.292638783	1.156766171
ENSMUSG00000043243	0.08842305	-0.400854587	-0.787935747	-1.0975919	0.179013893	0.352343133
ENSMUSG00000044452	-0.310947913	-0.030634383	0.375213827	1.345914221	0.125657011	-0.560333627
ENSMUSG00000044712	1.697294619	2.2330336	3.298952111	3.483463117	2.262754255	2.338131127
ENSMUSG00000048222	-0.365629517	-1.572132713	-2.506255227	-3.294623602	-0.595488873	-0.99902736
ENSMUSG00000048280	-0.310947913	-0.030634383	0.375213827	1.345914221	0.125657011	-0.560333627
ENSMUSG00000049562	-0.136354506	-1.114090468	-2.074662979	-2.014996851	-0.50457517	-0.592871519
ENSMUSG00000050621	1.529470068	2.169401353	2.549166379	3.464452818	1.797928033	1.710856394
ENSMUSG00000052305	1.867729592	1.903324475	2.584278723	3.50439436	1.727617986	1.556607935
ENSMUSG00000052334	0.22137668	-0.055182635	-1.101062264	-1.730774626	0.212964062	-0.008261878
ENSMUSG00000053877	0.2924947	1.071363836	-0.656639402	-2.781153656	1.288356782	1.790630763
ENSMUSG00000054091	-0.310947913	-0.030634383	0.375213827	1.345914221	0.125657011	-0.560333627
ENSMUSG00000058446	0.171793955	0.711736655	1.570100778	1.781236774	0.445968122	-0.103071846
ENSMUSG00000058558	-0.310947913	-0.030634383	0.375213827	1.345914221	0.125657011	-0.560333627
ENSMUSG00000060791	1.618230822	1.20861923	0.946861965	-0.004889363	2.292638783	1.156766171
ENSMUSG00000061104	-0.310947913	-0.030634383	0.375213827	1.345914221	0.125657011	-0.560333627
ENSMUSG00000061356	1.618230822	1.20861923	0.946861965	-0.004889363	2.292638783	1.156766171
ENSMUSG00000062270	0.2924947	1.071363836	-0.656639402	-2.781153656	1.288356782	1.790630763
ENSMUSG00000062382	-0.365629517	-1.572132713	-2.506255227	-3.294623602	-0.595488873	-0.99902736
ENSMUSG00000062944	-0.136354506	-1.114090468	-2.074662979	-2.014996851	-0.50457517	-0.592871519
ENSMUSG00000068417	-0.125671436	1.604375893	0.352075059	0.841003723	0.318098715	0.284063204
ENSMUSG00000070705	-0.646700262	0.607843629	2.000933841	1.991420547	-1.087775823	0.457735496
ENSMUSG00000070737	0.2924947	1.071363836	-0.656639402	-2.781153656	1.288356782	1.790630763
ENSMUSG00000073062	-0.12347839	-0.666278234	-1.938896241	-2.088102448	-0.721530448	-1.689470105
ENSMUSG00000073761	2.727723213	2.97297742	2.816982752	2.70946124	3.582898621	4.257322356
ENSMUSG00000074516	-0.365629517	-1.572132713	-2.506255227	-3.294623602	-0.595488873	-0.99902736
ENSMUSG00000076432	-0.365629517	-1.572132713	-2.506255227	-3.294623602	-0.595488873	-0.99902736
ENSMUSG00000078495	-0.310947913	-0.030634383	0.375213827	1.345914221	0.125657011	-0.560333627
ENSMUSG00000078695	1.618230822	1.20861923	0.946861965	-0.004889363	2.292638783	1.156766171
ENSMUSG00000078773	-0.22181809	-1.460420991	-2.37563474	-2.058820106	-0.478789129	-0.958787069
ENSMUSG00000078877	-0.310947913	-0.030634383	0.375213827	1.345914221	0.125657011	-0.560333627
ENSMUSG00000078880	-0.310947913	-0.030634383	0.375213827	1.345914221	0.125657011	-0.560333627
ENSMUSG00000078903	0.22137668	-0.055182635	-1.101062264	-1.730774626	0.212964062	-0.008261878
ENSMUSG00000078921	1.697294619	2.2330336	3.298952111	3.483463117	2.262754255	2.338131127
ENSMUSG00000079003	-0.280829537	0.266171822	0.472396744	1.302988048	-0.763220786	-0.491873325
ENSMUSG00000079065	-0.418882123	-2.143709427	-1.918917389	-1.872934169	-0.835861837	-1.103376866
ENSMUSG00000079165	-0.22181809	-1.460420991	-2.37563474	-2.058820106	-0.478789129	-0.958787069
ENSMUSG00000079260	0.2924947	1.071363836	-0.656639402	-2.781153656	1.288356782	1.790630763
ENSMUSG00000079481	-0.22181809	-1.460420991	-2.37563474	-2.058820106	-0.478789129	-0.958787069
ENSMUSG00000079492	0.2924947	1.071363836	-0.656639402	-2.781153656	1.288356782	1.790630763
ENSMUSG00000079553	1.618230822	1.20861923	0.946861965	-0.004889363	2.292638783	1.156766171
ENSMUSG00000079605	1.419935818	2.61970334	2.49900532	3.267193503	1.905907437	1.55583365
ENSMUSG00000087385	1.529470068	2.169401353	2.549166379	3.464452818	1.797928033	1.710856394
ENSMUSG00000089756	1.867729592	1.903324475	2.584278723	3.50439436	1.727617986	1.556607935
ENSMUSG00000090272	0.2924947	1.071363836	-0.656639402	-2.781153656	1.288356782	1.790630763
ENSMUSG00000090273	0.2924947	1.071363836	-0.656639402	-2.781153656	1.288356782	1.790630763
ENSMUSG00000091383	-0.223508992	0.283311456	-0.331679068	-1.877501317	0.514520678	0.14901162
ENSMUSG00000091780	-0.223508992	0.283311456	-0.331679068	-1.877501317	0.514520678	0.14901162
ENSMUSG00000091931	0.343886641	-0.817880942	-0.848365513	-1.130110241	0.034394689	-0.735953213
ENSMUSG00000092118	-0.365629517	-1.572132713	-2.506255227	-3.294623602	-0.595488873	-0.99902736
ENSMUSG00000094103	-0.22181809	-1.460420991	-2.37563474	-2.058820106	-0.478789129	-0.958787069
ENSMUSG00000095026	-0.136354506	-1.114090468	-2.074662979	-2.014996851	-0.50457517	-0.592871519
ENSMUSG00000096910	-0.646700262	0.607843629	2.000933841	1.991420547	-1.087775823	0.457735496
