I/C_0h	I/C_2h	I/C_6h	I/C_12h	I/C_18h	I/C_24h
mmu-let-7g-5p	-0.267890463333334	-0.242068293333333	-0.329079973333333	-0.10455747	-0.319155283333334	-0.28299824
mmu-let-7g-3p	-0.0607150526666667	0.050569916	-0.289717675333333	-0.801618435333333	-0.356884751666667	-0.913451857666666
mmu-let-7i-5p	-0.261992513333333	-0.314733816666666	-0.227260666666667	-0.445297503333333	-0.0478424799999999	0.0556290233333338
mmu-let-7i-3p	-0.608212745666667	-0.257838491	-0.474687999666666	-0.618968657	-0.43840445	-0.449593379333333
mmu-miR-15b-5p	-0.292059243333333	0.0526429300000005	0.0467089899999997	0.222179043333333	-0.422766966666667	-0.346698853333333
mmu-miR-15b-3p	-0.400402565333334	-0.668334680666667	-0.477279949	-0.497744404666667	-0.401284117666667	-0.0587162116666663
mmu-miR-23b-5p	0.207861529666667	-0.169917428	-0.273103070666667	-0.957049952	-0.791796703666667	-0.770104133333333
mmu-miR-23b-3p	0.347135878	0.527842742666667	0.228386616	0.653487501	0.242194759666668	0.590684391
mmu-miR-27b-5p	0.125110283	-0.0741482776666664	-0.103448935666667	-0.183998116333333	-0.147245185666666	-0.613687163333333
mmu-miR-27b-3p	-0.934246790666667	0.232098819666667	-0.560822625333333	-1.39005105633333	-0.0309761013333333	-0.331279392
mmu-miR-29b-1-5p	-0.391655647	0.272723217	0.379504486666667	1.16650419	-0.166586328666667	-0.613109991
mmu-miR-29b-3p	-0.193866082666667	-0.214551331	-0.448651392333333	-0.486936554	-0.481920960666667	0.130319449999999
mmu-miR-30b-5p	0.110324866666666	0.359424013333333	0.211451866666667	0.40691035	0.200971209999999	-0.0944369799999993
mmu-miR-30b-3p	0.161562888	0.177372625666667	0.22152624	-0.0424520423333335	0.0498128226666668	-0.10260359
mmu-miR-99b-5p	-0.108707893333333	0.392523476666666	0.0977419033333338	0.239151001666666	0.0977675590000005	-0.706289602666666
mmu-miR-99b-3p	0.252795121	0.0989126436666666	0.535412297	0.344825232	0.426366830333333	0.565872971666667
mmu-miR-101a-5p	-0.0985046506666665	0.0207315036666665	-0.215418267	0.0749823136666666	-0.0957737603333329	-0.577467136333333
mmu-miR-101a-3p	-0.0156158299999999	-0.161329648	-0.685132032	-0.939492177	-0.339506731666666	-0.355428655
mmu-miR-125a-5p	-0.0312646993333333	0.271881797333333	0.631620372333333	0.655181153333332	0.124150478	0.0825325233333333
mmu-miR-125a-3p	-0.37022846	0.181351362666667	0.0289989376666666	0.79044774	0.359630049666667	0.450140651333333
mmu-miR-126a-3p	1.570610243	1.40992323966667	1.37334292666667	1.589203971	0.964547572666667	0.67238408
mmu-miR-127-3p	-2.607712697	-2.546933744	-2.376216643	-2.39228580033333	-1.54558659266667	-1.99552455166667
mmu-miR-128-1-5p	-0.0404542403333335	-0.146630465666667	-0.185064800666667	-0.55363168	-0.334940475333333	-1.15808453933333
mmu-miR-128-3p	0.129029414666666	0.136721208	0.0861591809999999	0.463810018333334	0.770189213333333	1.017491184
mmu-miR-9-5p	-0.249088113333334	-0.0228291733333332	0.0193073333333332	-0.298330963333334	-0.127498636666666	0.0847073000000004
mmu-miR-9-3p	-0.133926269333333	0.107015265333333	-0.197592918333333	0.138650015333333	0.111550539666667	0.456471193666667
mmu-miR-132-5p	-0.232047548333333	-0.267187835333333	-0.864505520333333	-0.0225201696666666	0.0137777123333334	-0.568343013666667
mmu-miR-132-3p	-0.451916066	-0.299150150666667	-0.134314288	-0.194394948333333	-0.163001111333333	0.0652485266666665
mmu-miR-138-5p	0.000203978000000049	0.430407502	0.480050907666667	0.563734704666667	0.287413844	-0.436314729
mmu-miR-140-5p	0.0780657073333331	0.126862740333333	0.481036800333333	0.496623278666667	0.169179251	0.428831341666667
mmu-miR-140-3p	-0.309758988333333	0.0970487046666668	0.137135454666667	-0.354052798333333	0.595242402666667	0.0119164743333335
mmu-miR-141-5p	0.343886641333333	0.0343946893333333	-0.735953212666667	-0.817880942	-0.848365512666667	-1.130110241
mmu-miR-141-3p	-0.23128243	0.528504929	0.335678154333333	0.352358680333333	-0.261796048	0.0300323316666666
mmu-miR-142-5p	-0.67676583	-0.644338903333333	-0.831711243333334	-0.382658079999999	-0.309676713333333	-0.15732502
mmu-miR-142-3p	-0.538164996666667	-0.277481510000001	0.346382566666666	-0.240236816666667	-0.46549648	-0.443664453333334
mmu-miR-146a-5p	1.35551944733333	1.15826469733333	0.945396957333334	0.483565746000001	-0.109538574	0.070497602666667
mmu-miR-146a-3p	0.781054934333333	-0.077966398	-0.36604558	-0.731011093	-0.908172952666667	-0.519588337
mmu-miR-149-5p	-0.500463279666666	-0.339902714666667	-0.462781925333334	0.0898252283333332	0.735396272333333	1.26730069833333
mmu-miR-150-5p	-0.136279524666667	0.572254556666667	0.0343203993333332	0.440253157	-0.398599252666667	-0.520486615
mmu-miR-151-5p	-0.556530816	-0.755476331333333	-0.775844500666667	0.295907046333333	0.965908596666667	0.609760062
mmu-miR-151-3p	-0.646700262333333	-1.087775823	0.457735496	0.607843628666667	2.000933841	1.99142054666667
mmu-miR-152-5p	0.796523813333333	1.18954715133333	1.629669224	1.20840672733333	1.5981713	2.09147442433333
mmu-miR-152-3p	0.340513728	0.644263091	0.478436397	1.53926059966667	1.41014889433333	0.908964258333333
mmu-miR-155-5p	-0.12581946	-0.0932941133333334	-0.067635776666668	0.0506324133333328	-0.0105785833333331	0.22659612
mmu-miR-155-3p	-0.191635154333333	-0.0845430893333334	-0.155512108666667	0.400892511	-0.644554080333333	-1.33988036433333
mmu-miR-10b-5p	2.727723213	3.582898621	4.25732235633333	2.97297742	2.81698275233333	2.70946124033333
mmu-miR-181a-5p	-0.548963903333333	-0.56514245	-0.3213825	-0.205032016666666	-0.0748017633333333	0.172462336666667
mmu-miR-182-5p	-0.284436063333333	-0.292296406666667	-0.16176494	-1.15331310666667	-1.11479549666667	-1.47469914666667
mmu-miR-183-5p	-0.303680639666667	0.367552011333333	0.301430539333333	0.0218701903333333	-0.289807110666667	-0.273938693
mmu-miR-185-5p	-0.152195876666667	-0.150254764	0.198166154666667	0.0449445793333334	0.392120933333334	0.439703583666667
mmu-miR-185-3p	0.0973523906666666	-0.0196944029999999	0.278774939333333	-0.495489194	0.482290299	0.41189581
mmu-miR-186-5p	0.0176202666666659	0.0252486433333334	0.7845898	0.261097656666667	-0.196935483333333	-0.0333301966666664
mmu-miR-186-3p	-0.0954157763333332	0.0445630943333333	0.647069638333333	-0.165024985333333	-0.974207083666667	-1.39713582666667
mmu-miR-188-5p	1.71477888233333	2.34390074833333	2.04690918033333	2.451117507	2.89208215166667	2.98559479633333
mmu-miR-188-3p	1.75398213133333	2.51582373666667	2.71162819233333	3.19458954433333	2.82814184766667	3.09320843366667
mmu-miR-24-1-5p	0.411964974	0.660448055666667	0.464665893	0.194010058666666	-0.482532318333334	-0.778006596
mmu-miR-24-3p	0.278036556666667	0.216369293333334	-0.0630132233333332	-0.0955641066666667	-0.61623631	-0.700498013333333
mmu-miR-190a-5p	-0.126247223666667	-0.0858364653333334	0.142636392	0.126933941333333	0.787967945333333	0.591969251666667
mmu-miR-190a-3p	-0.267039820333333	0.149624715	0.116600790333333	0.180742451666667	-0.147611673	-0.243291071333333
mmu-miR-191-5p	0.108528449999999	-0.123371053333332	-0.0817107966666673	-0.558864563333334	-0.482506209999999	-0.439804023333334
mmu-miR-191-3p	0.380560890333333	-0.171145776666666	-0.505266817333333	-0.222708786666667	-0.248834071	-0.54548376
mmu-miR-193a-3p	-0.036325767	0.279296156	0.0322615553333333	-0.383327062666667	0.0505510353333334	0.388935785
mmu-miR-194-5p	0.0929996056666666	0.250055555333334	-0.0494690063333338	0.334766796666667	0.547481132333334	0.582308892333333
mmu-miR-195a-5p	0.163546667	0.0721206296666666	-0.0925537500000001	0.275302662666667	0.697566797333333	0.97140796
mmu-miR-199a-5p	0.00890836933333324	-0.888014178666667	0.198161288	-0.181236919	-0.340023359666667	-0.499850008666667
mmu-miR-200b-5p	-0.773944772666667	0.133686039666667	-0.949125885	-1.109396879	-1.36262009666667	-0.851957359
mmu-miR-200b-3p	-1.99460329166667	-0.947288060666667	-1.51564280033333	-0.533152215	-1.539708112	-1.745585941
mmu-miR-201-5p	-0.599826511	-0.735257878666667	-0.326538715	0.36770893	0.465518073333333	0.982927513333333
mmu-miR-143-3p	0.395934669	0.946281535333333	0.219707825	-0.572299638	-0.242956578	-0.204317878333333
mmu-miR-30e-5p	-0.294616965	0.145780914333333	-0.0866089579999999	-0.79161364	0.609428442666667	1.17119303533333
mmu-miR-30e-3p	-0.0594838933333328	0.113947736666666	0.558785303333333	0.107874963333333	0.568042803333333	0.201085419999999
mmu-miR-296-5p	-0.595367580333333	-0.292701289333333	-0.257789151	-0.655294251	-0.69032676	-0.997623982666667
mmu-miR-296-3p	-0.152132030333333	-0.287336396666667	-0.367863230333334	-0.335656727333333	0.261836976000001	-0.237116447
mmu-miR-298-5p	0.08842305	0.179013893333333	0.352343133333333	-0.400854586666667	-0.787935746666667	-1.0975919
mmu-miR-301a-5p	0.393583791333333	0.104639835333333	0.312951825	0.491543430333333	0.372369914333333	-0.135708199666666
mmu-miR-301a-3p	0.204029706666667	0.174495903333333	0.387629573333333	0.258516003333334	0.274543826666667	1.00232552
mmu-miR-34c-5p	-0.617435320666667	-0.510229973333333	-0.673713706333333	-1.20841657766667	-1.566341787	-1.56370759766667
mmu-miR-34c-3p	-0.439329613666667	-0.648596771666667	-0.709007976	-0.923363243	-1.419420429	-1.465978971
mmu-miR-34b-5p	-0.407479909666667	-0.18315745	-0.375305389333333	-1.53037554833333	-1.56568625833333	-1.56728155033333
mmu-miR-34b-3p	-0.858334727	-0.855548003333333	-1.378963872	-1.33183602666667	-1.917968815	-1.53847410133333
mmu-let-7d-5p	-0.114856646666667	-0.1335732	-0.258623213333334	0.273149560000001	-0.160872599999999	-0.42889285
mmu-let-7d-3p	-0.899512409	-0.331763295000001	-0.383090359	-0.48141723	-0.527453395333333	-0.344654264
mmu-miR-106a-5p	-0.297493824333333	-0.534084640333333	-0.736896222	-0.902212884333333	-0.953548664333333	-0.932352401666667
mmu-miR-106a-3p	-0.921806152	-0.828428861	-0.943102452	-0.555957572	-1.53817203566667	-1.35231432
mmu-miR-106b-5p	0.0981570466666663	0.0312707999999997	-0.23303209	0.616304327	0.591050043333334	0.671142316666667
mmu-miR-106b-3p	0.245066972333333	0.239393879666666	0.276503044	0.183233923333333	1.04732723433333	0.785973243999999
mmu-miR-130b-5p	-0.361894496666666	-0.491428300000001	-0.44255863	-0.332338429999999	-0.73705711	-0.650719257
mmu-miR-130b-3p	-0.121582713333333	-0.0501343133333337	-0.149021663333334	-0.10364178	-0.364457633333334	-0.59355757
mmu-miR-19b-2-5p	-0.661944607333333	-1.166569172	-1.112156724	-1.59926765533333	-2.25262460366667	-2.29493880433333
mmu-miR-19b-3p	-0.398749116666667	-0.921607523333333	1.02127913666667	0.294275756666667	-0.990694606666666	0.0731406966666661
mmu-miR-30c-5p	-0.247909136666666	0.0237452296666666	-0.14026317	-0.02173235	0.0971482933333334	0.50803833
mmu-miR-30c-1-3p	-0.314355627	-0.191859753333333	0.0791608519999996	0.0293896326666664	0.072523049	0.0785734426666661
mmu-miR-30d-5p	-0.179545072666667	-0.228773239666667	0.0198951983333335	0.340373546	0.0738073133333335	0.460739453
mmu-miR-30d-3p	0.126963116	0.171052977	0.0411376866666663	0.0496692050000001	0.187240539333334	0.137298226666667
mmu-miR-148a-3p	-0.0209119816666667	0.214263697	0.035906383	0.254453469	0.170737345	0.256148552333333
mmu-miR-192-5p	0.286135266666667	0.11975477	-0.0567371599999997	0.0953323133333329	0.415960276666667	0.155304653333333
mmu-miR-200a-5p	-1.26016422866667	-1.26765890933333	-1.29095183466667	-1.715065154	-0.852181322	-0.767263499333333
mmu-miR-200a-3p	-0.976488198	-1.14657022166667	-1.233893959	-0.743392354	-0.579837311666667	-0.753623951333333
mmu-let-7b-3p	-0.245241692	-0.00270307433333331	-0.658606614666667	-0.0275157116666668	-0.699031263000001	-0.912652618333333
mmu-let-7c-5p	0.309522649666667	0.159766845666667	0.450468116666667	0.463364232	1.10570279533333	0.636979448666667
mmu-let-7f-5p	-0.350650273333334	-0.302525596666666	-0.43891211	-0.30506983	-0.317635536666667	-0.375147116666667
mmu-let-7f-1-3p	-0.464716765	-0.515180075333333	-1.15929287533333	-0.998700194666667	-1.27029462966667	-1.63906749333333
mmu-let-7f-2-3p	-0.298502236333333	0.260267577	-0.410085712666667	-0.355188671	-0.292075322	-0.0661991456666667
mmu-miR-15a-5p	0.135123913333333	0.125135236666666	0.212749446666666	0.607001643333333	0.425366586666667	0.451822529999999
mmu-miR-15a-3p	0.311009251	0.0967215400000002	-0.175045499666667	0.277647373333333	0.177517865333333	0.223977663
mmu-miR-16-5p	0.144232166666666	-0.0865253466666651	0.31666837	0.430129489999999	0.198478756666668	0.276110459999999
mmu-miR-16-1-3p	0.0879706243333334	-0.186464501333333	-0.251966057	-0.98621047	0.366089335666667	0.291585329333333
mmu-miR-16-2-3p	-0.0368219666666668	-0.0326576730000004	-0.0158813840000001	-0.157782718333334	0.175595085333333	0.140320208
mmu-miR-18a-5p	0.2302576	0.0815060466666668	0.0405556266666665	0.0383612800000002	-0.639550583333332	-0.573013263333333
mmu-miR-18a-3p	0.0247861006666668	-0.169733545666667	0.0302167663333336	-0.194511373	-0.281015833666666	-0.626079803666666
mmu-miR-20a-5p	0.0415206333333333	0.121408033333333	-0.0580640266666664	-0.157983143333333	-0.638164939999999	-0.818301203333334
mmu-miR-20a-3p	-0.217935267666667	-0.175238356666667	-0.320627856666667	-0.527816339333333	-0.795229282333333	-1.66859064366667
mmu-miR-21a-5p	-0.81494339	-0.81319522	-0.88580518	-0.50924242	-0.211592786666666	0.397964393333334
mmu-miR-21a-3p	-0.714928289333332	-0.630683500999999	-0.240779747666666	-0.657659724666667	0.236793238333335	-0.167204367666667
mmu-miR-22-5p	0.171793955	0.445968122	-0.103071846	0.711736655	1.570100778	1.781236774
mmu-miR-22-3p	0.121610130000001	-0.0196291633333328	0.418470706666666	0.585712013333334	1.09334258	1.6174017
mmu-miR-23a-5p	-0.136354505666667	-0.50457517	-0.592871519333333	-1.11409046833333	-2.07466297866667	-2.01499685133333
mmu-miR-23a-3p	-0.325815996666667	-0.143843646666667	-0.0659984833333329	-0.048515026666666	-0.752655206666666	-0.449590473333333
mmu-miR-24-2-5p	-0.2999784	0.0717453733333328	0.00709282999999949	-0.354802281666667	-0.804954178333334	-1.23777637233333
mmu-miR-26a-5p	-0.196523343333334	-0.00409697666666631	0.242673056666667	0.434468076666667	0.912935606666668	1.20367943
mmu-miR-26b-5p	0.443676623333334	0.33581439	0.368300786666667	0.61452821	0.661984996666667	0.686292856666666
mmu-miR-26b-3p	0.333003192666667	0.604785980666666	0.711796419333333	0.743188403333333	0.517178469	0.162534322333333
mmu-miR-29a-5p	-0.108777515333333	0.123083660333333	0.421393209666667	0.570245138333333	0.140503585	0.537647271666667
mmu-miR-29a-3p	-0.095387276666667	-0.18768036	-0.376253593333333	0.00717850333333322	-0.0807141433333326	0.36027729
mmu-miR-29c-5p	-0.0586916516666666	0.371850814	-0.333073736666667	0.650302145666667	0.705809159333333	0.988670709
mmu-miR-29c-3p	0.334485529666667	0.450523239666667	0.695769494333333	1.08847601166667	1.30941402666667	1.71401173066667
mmu-miR-27a-5p	-0.418882123333333	-0.835861836666666	-1.10337686566667	-2.14370942733333	-1.91891738866667	-1.87293416866667
mmu-miR-92a-2-5p	-1.01624434433333	-0.645110238666667	-0.917932704	-0.0695724623333333	-1.74308296633333	-1.3087625
mmu-miR-92a-3p	-0.14024347	-0.266141583333334	-0.362388356666667	-0.357636833333333	0.0684480400000004	-0.413873933333333
mmu-miR-93-5p	0.107958783333334	0.0966867533333329	0.0973565533333331	0.24256895	0.498668696666667	0.70957249
mmu-miR-93-3p	0.0437429406666664	-0.0544674459999997	0.120264556666667	0.569777577	0.621357889666667	0.670853411
mmu-miR-34a-5p	-0.345008684333334	-0.416107558	-0.921863555666667	-0.975933865666667	-0.970629656666666	-0.897962954333333
mmu-miR-34a-3p	-0.12347839	-0.721530448	-1.68947010466667	-0.666278234	-1.93889624066667	-2.08810244766667
mmu-miR-98-5p	-0.114209976666667	-0.155637266666666	-0.311067226666666	-0.27005551	0.0682906466666662	0.299738636666667
mmu-miR-98-3p	-0.478503837	-0.227063006	0.371926604	-0.172466429666666	-1.03428875166667	-0.788914049
mmu-miR-103-3p	0.22492539	0.376204953333333	0.335933246666667	0.350378963333333	0.364230046666667	0.637799576666667
mmu-miR-322-5p	0.0917141406666667	0.147040072666667	0.772278171666667	0.556814390666667	0.253543350666667	0.932223679666667
mmu-miR-322-3p	0.336662763666667	0.102502504666667	0.275623812	0.573743425	0.518259569333334	0.766128157666666
mmu-miR-324-5p	0.175488412666667	0.157148215	-0.193262404333333	-0.0829309346666666	-0.171018854	0.0731170926666668
mmu-miR-326-3p	0.453613475666667	0.821376155666667	0.419457166	0.582815593333333	0.54718517	0.547469478
mmu-miR-328-5p	0.211463636666667	0.617716936666667	0.228230567666667	0.651639813	0.624769133333333	0.554364864
mmu-miR-328-3p	-0.0446294053333336	0.165970302	0.153807268333333	0.357740337333334	0.581294782	0.868855583666667
mmu-miR-330-5p	0.164524064333334	0.528919477666667	0.699130170333333	0.0306183556666667	0.156094078333333	0.469210422666666
mmu-miR-330-3p	0.162045741666667	0.659413582666667	0.730026998333333	0.455122088	-0.100645173333333	0.313729289333333
mmu-miR-331-5p	0.000848697666666768	0.454113957333333	0.306825987666667	-0.531877701333333	0.309186116666667	-0.476273647666667
mmu-miR-331-3p	0.0807247403333333	0.386288722333333	-0.099288896	0.640324839	-1.22229185166667	-1.18992348266667
mmu-miR-148b-5p	0.200317979	0.202214214333334	0.254892031	0.489942161666666	0.0369125519999998	-0.070743473333333
mmu-miR-148b-3p	0.238632966666666	0.277883196666667	0.52615697	0.11588656	0.34522468	0.136432543333333
mmu-miR-338-3p	0.212475665	0.299425865	0.454953989	0.356959982333333	0.520644818333333	0.764140416
mmu-miR-339-5p	-0.110466243	0.280868497333334	-0.231107598333333	-0.0224799936666669	-0.513938594333333	-0.55395263
mmu-miR-339-3p	-0.223508992333333	0.514520678333333	0.14901162	0.283311456	-0.331679067666667	-1.87750131666667
mmu-miR-340-5p	0.0984122599999999	0.136120583333333	0.0125369133333339	0.139020483333333	0.369626553333333	0.5257753
mmu-miR-340-3p	-0.0481334730000003	0.261735309666666	0.353541992666667	0.828748285333333	0.041426345333333	0.209788998666666
mmu-miR-342-5p	-0.179560107666667	-0.450763157	0.129618799666667	0.803589532666667	0.380400883	0.288040432666667
mmu-miR-342-3p	0.101542047333333	0.510156773333333	0.312984284666666	0.875175254333334	1.20743756066667	1.27958827466667
mmu-miR-345-5p	0.544282742	0.584704456	-0.202550144333333	-0.150897580333333	0.0312906533333335	-0.0657062076666669
mmu-miR-345-3p	0.743716068666667	0.982814564666667	0.721954743666667	0.508340722666667	0.174144005666667	0.201007084333334
mmu-miR-350-3p	-0.310947913	0.125657011333333	-0.560333627	-0.0306343826666664	0.375213827	1.34591422066667
mmu-miR-351-5p	0.328462888	0.417431693333333	1.02632232866667	0.626082206666667	0.81455449	0.99229704
mmu-miR-351-3p	0.174814414	0.639229439333333	0.448746827	0.935755800666667	0.543053966333333	0.277037480666667
mmu-miR-101b-3p	0.321794947666667	-0.0891776593333333	-0.755615992	-0.0266709373333334	-0.513040418666667	-0.0203724943333334
mmu-miR-107-3p	0.563241819333334	0.601671056666667	0.331009378333334	0.441589648333333	0.330193451	0.416841716333333
mmu-miR-10a-5p	2.05310677666667	1.87293593666667	2.39272323333333	1.63077876666667	1.27753008	1.36369926333333
mmu-miR-10a-3p	2.13649506833333	1.73756421566667	1.33827898033333	1.10413628566667	1.24143081633333	1.23709545666667
mmu-miR-17-5p	0.442453090333333	-0.291630271	-0.358926836666667	-0.463112156	-1.03175302766667	-0.555183935666667
mmu-miR-17-3p	-0.155373171666667	-0.129768205666667	-0.0528808746666668	-0.135282967	-0.343381687666667	-0.742634941333334
mmu-miR-19a-5p	-0.160642729333333	0.022074039	-0.111115035666667	-0.607840912	-1.163086107	-1.057075993
mmu-miR-19a-3p	-0.328640285999999	-0.995250809333333	1.16322719766667	0.322132681999999	-1.062514093	0.183130827
mmu-miR-25-5p	-0.451790689666667	-0.0803737956666666	-0.104869697666667	0.484492931333333	0.201480470333333	-0.138576885666667
mmu-miR-25-3p	0.0463025833333332	-0.0613426433333336	-0.0187137100000007	0.156357116666666	0.584906676666667	0.653850206666666
mmu-miR-28a-5p	1.02097663866667	0.814034651	1.17104443933333	1.57759296366667	1.401640335	1.43758079133333
mmu-miR-28a-3p	1.33186141133333	1.33453792466667	1.43838082133333	1.334068152	2.32187147166667	2.47520607533333
mmu-miR-32-5p	-0.134373713666667	-0.146378972333333	-0.608835103333334	-0.756935186	-0.524135469333333	-0.182426279333334
mmu-miR-32-3p	0.0321551533333334	-0.477802718	-0.707617875666667	-0.471642426	-0.92203703	-0.894516452666667
mmu-miR-100-5p	-0.745867874666667	-0.794867793666667	-0.499147512	-0.233069571666667	-0.198890171333333	-1.19721593833333
mmu-miR-139-5p	0.034338698666667	0.0166938266666659	-0.407982255333333	-0.404443221666667	-0.498292870999999	-0.546034394000001
mmu-miR-139-3p	-0.564331051666667	-0.102372342666667	-0.609999736666667	-0.547735216	-0.825584964666667	-1.14462797633333
mmu-miR-200c-3p	0.327421870666667	0.507820993333333	0.150777226333333	-0.0373507600000001	-0.208276141666667	-0.129971712
mmu-miR-210-5p	0.2924947	1.28835678233333	1.79063076266667	1.07136383566667	-0.656639401666667	-2.78115365566667
mmu-miR-210-3p	0.375643735000001	0.788976049333333	0.831578809	0.901431773333333	0.725598614666666	-0.0353171873333332
mmu-miR-212-5p	-0.989669744	-0.532060271666667	-0.149652516	-0.0762127419999999	-0.371697355666667	-1.606081066
mmu-miR-212-3p	-0.441059627666667	-0.716317599666667	-0.185995513333333	-0.102602985666667	-0.423759727	-0.870201681666667
mmu-miR-181a-1-3p	-0.079089433333334	-0.449354780000001	-0.453738826666666	-1.04618429333333	-0.5460304	-0.613736880000001
mmu-miR-219a-1-3p	0.0296073383333333	-0.0639960639999998	-0.673625303	-0.556101224	-0.593400243333333	-0.850740892333333
mmu-miR-223-3p	-0.0162002653333332	1.018072848	0.40834734	0.909179449333333	0.998380371333333	2.063278297
mmu-miR-320-3p	-0.411274196333334	-0.403802187	-0.746392565333334	-0.800893412	-0.991138798666667	-0.967192468666667
mmu-miR-26a-2-3p	-0.280829537333333	-0.763220786	-0.491873325333333	0.266171822	0.472396743666666	1.302988048
mmu-miR-33-5p	-0.339904299	-0.147257732666667	-0.307361013666666	0.214255374333333	-0.255613743666667	0.047355767
mmu-miR-33-3p	-0.260900608	-0.0844742870000001	-0.343588653333333	0.598712352333333	-0.0802725720000002	1.01189402866667
mmu-miR-211-5p	-0.567696842333333	-0.866023922333333	-1.18304322966667	-1.30854224933333	-1.266429068	-0.721524658666667
mmu-miR-221-5p	-1.39925668133333	-1.65224434333333	0.179335594333333	-0.549264812666667	-1.82271362766667	-2.263102129
mmu-miR-221-3p	-0.913185143666666	-1.011583782	-1.18079971033333	-1.18221756233333	-1.30291683366667	-0.940648507666667
mmu-miR-222-5p	-0.447694195333333	-0.313780682	-0.570434820666667	0.298833405	-0.448037190333333	-0.608405264333333
mmu-miR-222-3p	-0.0755508046666669	-0.357848415333333	-0.427270129666667	-1.35442151633333	0.0980096663333332	-0.348675069666667
mmu-miR-29b-2-5p	0.1150927	0.140465973333333	0.327240512	0.516045785666667	0.381330793666667	1.26465306233333
mmu-miR-199b-5p	1.61274372166667	1.43013639766667	1.39329688333333	0.596545356	0.520005091	1.23156563933333
mmu-miR-19b-1-5p	-0.22181809	-0.478789129	-0.958787069333334	-1.460420991	-2.37563473966667	-2.058820106
mmu-miR-92a-1-5p	-0.365629516666667	-0.595488873333333	-0.99902736	-1.57213271333333	-2.50625522666667	-3.294623602
mmu-miR-181b-5p	0.0108440500000005	-0.187544789999999	-0.12477404	-0.33520977	-0.092238303333333	-0.159013636666666
mmu-miR-181c-5p	-0.330515533333333	-0.303476726666667	-0.426107763333334	-0.130439523333334	0.291278636666667	0.504232246666666
mmu-miR-181c-3p	-0.0697419799999999	-0.108406043333333	-0.103757953333333	-0.16827798	0.11703437	-0.104986696666666
mmu-miR-128-2-5p	1.61823082233333	2.292638783	1.15676617133333	1.20861923	0.946861965	-0.00488936266666669
mmu-miR-7a-5p	-0.564594482666667	-0.342980307666667	-0.0418557646666669	-0.819132553666667	-1.31734800733333	-1.68949079133333
mmu-miR-7a-1-3p	-0.367196869	0.00522301566666676	-0.334877553333333	-0.512313591666667	-0.781514439666667	-0.611788621333333
mmu-miR-7a-2-3p	0.811178377	0.538369436333333	0.043877834	-0.105549630666667	-1.05352814466667	-0.835118994666667
mmu-miR-361-5p	0.0991836910000004	0.414490856	0.466117688666667	0.658642993333334	0.797194136666667	0.861150311
mmu-miR-361-3p	-0.321932823333333	0.0658221770000003	0.506916275333333	0.392476286666667	0.0871373600000001	0.548422056333333
mmu-miR-362-5p	1.24734896533333	2.30299076266667	2.189138318	2.71294311233333	2.36809239533333	2.04190389033333
mmu-miR-362-3p	1.52947006833333	1.79792803266667	1.71085639366667	2.169401353	2.54916637933333	3.464452818
mmu-miR-363-5p	-0.744517853	-0.383666206333333	-0.478877254666667	-0.797996467	-1.15144884333333	-1.29464997166667
mmu-miR-363-3p	-0.66830839	-0.50646918	-0.610986593333333	-0.352931046666666	-0.735790406666666	-1.04867442
mmu-miR-375-3p	-0.557441248333333	-0.923317482666667	-0.312658882	-0.724834737333333	0.361784942333333	-0.68346921
mmu-miR-378a-5p	-0.222466284666667	0.0930104530000004	-0.440168200666667	-0.352616614333333	-0.139733028666667	-0.480602709666667
mmu-miR-381-3p	-1.22725367633333	-0.954948957	-1.01244130066667	-0.0624991806666667	-0.532788738333333	-0.920031836333333
mmu-miR-335-5p	0.0199866386666666	-1.11845572866667	0.661509812	-0.0437882143333333	-0.686640407	0.086489219
mmu-miR-335-3p	-0.638358032666667	-0.181423525	-0.338121766666667	0.566250195333333	-0.188977191333333	-0.386966454333333
mmu-miR-181b-2-3p	0.243643446	-0.236157684333333	-0.661821816666667	0.766410013666667	1.031902571	0.995317693
mmu-miR-409-3p	-0.657339876666667	-1.14393939066667	-0.929836011	-0.212144847666667	-1.22755757233333	-0.720133177333333
mmu-miR-410-3p	-1.63409176566667	-1.62109690133333	-1.78986317433333	-1.210369274	-0.928545955333333	-1.50185267433333
mmu-miR-411-5p	-2.15186603066667	-1.79598586033333	-1.482287958	-2.37691231333333	-1.85540831533333	-1.70040742666667
mmu-miR-425-5p	-0.0503611366666673	-0.262570076666667	-0.37936654	0.159978723333333	0.327100993333334	0.637357616666666
mmu-miR-425-3p	0.554310425	0.265127061333333	-0.0486656666666665	0.128127374333333	0.139216117	-0.057023454
mmu-miR-434-5p	-0.920263751333333	-0.775739261333333	-0.834768261666667	-1.187501309	-0.419833621333333	-0.811074793333333
mmu-miR-434-3p	-1.233711686	-0.773660559	-0.759992920666667	-0.299712944666667	-0.317489757666667	-0.784618069666667
mmu-miR-429-3p	-1.09750002666667	-0.992957389333333	-1.35789040366667	-0.681513738	-0.909645891	-0.808093008
mmu-miR-449a-5p	-0.227262903333334	0.111327253333333	0.0614344026666667	0.0159747173333334	0.535680515666667	0.676977879333334
mmu-miR-449a-3p	-0.0177592533333333	-0.071012865	0.028527496	0.396903213666667	0.112550391666667	0.219334394666667
mmu-miR-450a-5p	0.472750334666667	0.477373286	0.366228891	0.813926561666666	0.554922183666667	0.682871302666666
mmu-miR-450a-1-3p	0.136293918	0.363427318	0.477853840666667	0.370858116	0.431560086333333	0.145539382666667
mmu-miR-466a-5p	-0.314747968	-0.685533425	-0.558995019666667	-0.871749635666667	-0.762839633333333	-0.251374789666667
mmu-miR-467a-5p	-0.312420306666666	-0.110825863333333	-0.348569093333334	-0.231933696333333	-0.271870113666667	-0.13904317
mmu-miR-467a-3p	0.0423904693333332	0.00917945033333319	-0.895405713666667	-0.641289327	-1.57861636566667	-1.22046468933333
mmu-miR-470-5p	0.870826518333333	0.321958274	0.188067983666667	0.688097400666667	0.598851079666667	0.350696156
mmu-miR-532-5p	1.697294619	2.26275425533333	2.33813112666667	2.2330336	3.29895211133333	3.483463117
mmu-miR-532-3p	1.50685763766667	2.06775083833333	2.086441224	2.50502765066667	2.72710968266667	3.05778878966667
mmu-miR-484	0.0214849000000002	0.270834653333333	0.107434613333333	0.634792898666666	0.124377739999999	-0.51771432
mmu-miR-541-5p	-2.44874224766667	-2.004109565	-1.12988987233333	-1.838422159	-1.73310533833333	-1.39024072933333
mmu-miR-542-5p	0.621213081333333	0.684508248	0.594381240333333	0.855021474333333	1.07326727933333	1.00036797
mmu-miR-542-3p	0.456974831666667	0.617422043333333	0.0561743329999998	0.480960975	0.724670164333333	1.00411937666667
mmu-miR-20b-5p	-0.64792212	-0.580049956666667	-0.827532023333333	-0.793080446666667	-1.08551585	-1.17164415666667
mmu-miR-20b-3p	-0.595775776	-0.0346355279999998	-0.235342911	-0.255257822	-1.21756880133333	-1.263107299
mmu-miR-503-5p	0.362710455333333	-0.149198066333334	0.198391488666667	0.139084378333333	0.389880272	0.551333881666667
mmu-miR-503-3p	0.0477969916666667	0.434857883333333	0.191897851666667	0.675463815333333	1.21571435166667	0.528975673
mmu-miR-301b-5p	0.22137668	0.212964062333334	-0.00826187766666653	-0.0551826353333332	-1.10106226366667	-1.73077462633333
mmu-miR-301b-3p	0.251019746666667	0.105595503333333	0.295703096666667	0.0746132866666661	0.224169739999999	0.687513163333334
mmu-miR-744-5p	-0.05880117	0.366982486666667	0.391680423333333	0.393635636666666	0.311646640000001	-0.065003093333333
mmu-miR-744-3p	-0.0361527310000002	0.159178167	0.0424635106666666	0.357992631333333	0.350515268666667	0.346995145666667
mmu-miR-374b-5p	-0.467265749666667	-0.169509296333333	-0.300227557666666	-0.211422224666666	-0.0573490586666659	0.746340666333333
mmu-miR-592-5p	0.30945989	0.54850078	-0.368314265666667	0.174944358333333	0.681943280666667	0.517728451666667
mmu-miR-1249-5p	0.250642342333333	-0.113891548	-0.0672226946666667	0.349994227666667	0.0984242013333334	-0.673859564
mmu-miR-1249-3p	0.345217285	0.638486977333334	0.740158446333334	0.422565689	0.149855865	-0.124413088333333
mmu-miR-671-5p	-0.0285130596666665	0.231339206	0.228763972666667	-0.285481721	-0.566494496666667	-0.607859383
mmu-miR-671-3p	-0.358497612	-0.0781250390000003	-0.165279694666667	-0.289239503	-0.485120846	-0.561896115666667
mmu-miR-1843a-5p	0.317798508666667	0.0974585726666666	0.0202663363333331	0.760870781333333	1.123408934	0.960997355
mmu-miR-1843a-3p	0.274498741333333	-0.238605459333333	-0.0867660620000001	-0.12698777	0.805941796333333	1.21695724033333
mmu-miR-3058-5p	1.23535542066667	1.415799079	1.23281082133333	0.402739772666667	0.554244946666667	0.807925928666667
mmu-miR-3058-3p	1.09830630033333	0.593692098666667	0.266855923333333	-0.748641533	-0.0660161956666667	0.246466025
mmu-miR-674-5p	0.751013816333333	0.578545253333333	0.356588037	0.882756367333333	0.0769054096666671	-0.399990723
mmu-miR-674-3p	0.474319012333334	0.443851794333333	0.395324008	0.366076848	0.178097767666667	-0.0487595406666668
mmu-miR-677-5p	-0.0650878656666667	0.718342891333333	-0.0813837996666666	0.785756487333333	1.73898458566667	1.50576231066667
mmu-miR-677-3p	0.128927021	-0.667148751333333	0.204074130666667	0.318638861333333	0.521380824333333	1.16904668766667
mmu-miR-497-5p	-0.125671435666667	0.318098715	0.284063204	1.604375893	0.352075058666667	0.841003723
mmu-miR-423-5p	-0.498393793333333	-0.281856597	0.100711553333333	-0.0466528989999997	-0.619114654666667	-0.435232575333333
mmu-miR-423-3p	-0.283845083333333	-0.0598094266666672	0.444246856666667	0.13066557	0.29469797	0.118863333333333
mmu-miR-693-3p	0.267929797	-0.352651254333333	0.421009586666667	-0.448976861666667	-0.228259102333333	-0.304202332666667
mmu-miR-146b-5p	0.0339269196666668	-0.0317628056666666	-0.0484188463333333	0.625984630666667	0.540954164333333	0.391048924
mmu-miR-146b-3p	-0.205897837333333	-0.189475018	-0.783605282333333	-0.770509010666667	-0.615461018666667	-0.401405435666667
mmu-miR-669b-5p	-0.0158804839999996	-0.0397766049999998	-0.0419033153333335	-0.309421672333333	-0.444944707666667	-0.364123471333334
mmu-miR-669b-3p	-0.270703077333333	0.419132708666667	0.00659928366666662	-0.555436738333333	-0.70480635	-0.233516544333333
mmu-miR-467b-5p	-0.370994221666667	-0.315679390333333	-0.709636812666667	-0.321810210666666	-0.893531739	-1.53937250766667
mmu-miR-669c-5p	-0.184259934333334	-0.138160145	-0.217560098666667	0.289156498333334	0.383863849333333	0.342538507666667
mmu-miR-491-5p	0.214700763	0.0344053563333334	-0.0386761993333333	-0.301526560666667	0.483604448	0.445582227666667
mmu-miR-491-3p	0.170584753666667	0.034507541	-0.470435755666667	0.205367966666667	-0.45248529	-0.610594250666667
mmu-miR-700-5p	-0.384822664333333	-0.661606258	-0.964068152666667	-0.670642173666666	-0.594273206	-0.593072281
mmu-miR-700-3p	-0.0549144253333334	-0.845461512	-0.0978206556666666	0.400266465666667	-0.207588747	-0.344384538
mmu-miR-701-5p	-0.00595115133333333	0.837239874666667	0.537514691	0.578537780666667	0.535543065666667	0.857970304
mmu-miR-702-5p	0.291029653	0.62542761	0.396473605	0.874311391	-0.108465046	-0.517401519666667
mmu-miR-500-5p	1.10425126833333	1.531808749	1.98490753433333	2.09463147733333	2.05454699333333	2.64017891933333
mmu-miR-500-3p	1.41993581766667	1.905907437	1.55583365033333	2.61970334033333	2.49900532	3.267193503
mmu-miR-501-5p	1.86772959233333	1.727617986	1.55660793466667	1.90332447466667	2.584278723	3.50439436
mmu-miR-501-3p	1.15593523633333	2.225128354	2.005770802	2.12166451733333	2.34719656166667	1.58438894366667
mmu-miR-450b-5p	0.503980350666667	0.590327791	0.65414927	0.192042763	0.908699811	0.906035628666667
mmu-miR-450b-3p	-0.156186415	0.0514227000000001	-0.108799639	0.916751044333333	0.815072743	0.760916628333333
mmu-miR-505-5p	0.0903366163333333	-0.0247143833333334	0.123975164666667	0.106329714333333	-0.378298126333333	-0.345976056
mmu-miR-505-3p	0.208100587333333	0.30601263	0.507012623	0.667968591	-0.221086771666667	0.192426795
mmu-miR-652-5p	-0.0378551853333334	-0.158972568333333	0.183773859333333	-0.195760248666667	0.083835187	-0.589001455
mmu-miR-652-3p	0.639615124333333	0.233175213	0.0984785176666666	0.256804344666667	0.513395862	-0.0474087603333331
mmu-miR-615-3p	0.00330068433333341	0.464589257	0.108098742333333	0.775435570666667	0.149165673333333	-0.410378889666667
mmu-miR-181d-5p	-0.106895013333333	-0.171179236666667	-0.114881836666667	-0.24626198	0.107950836666666	0.108176186666667
mmu-miR-181d-3p	-0.0200464070000001	0.275361472666667	-0.368138910666667	-0.3900124	-0.679359375	-0.590060538
mmu-miR-871-3p	0.929340841	0.691883636	0.553387592333333	0.958728473	0.858857165666667	0.0761944386666666
mmu-miR-879-5p	0.376204385666666	0.437406322666667	0.0966868709999999	0.0431223813333332	-0.0924623626666665	-0.0770815586666667
mmu-miR-879-3p	0.319470425333333	-0.025671421	-0.0717886596666667	0.134991178	0.167207649333333	-0.626765242666667
mmu-miR-190b-5p	0.613260519	0.228951373666667	-0.400188545333333	0.624827738666667	0.210465324333333	-0.219804615
mmu-miR-147-3p	0.102584441333333	0.598464376333334	-0.0509958139999999	-0.0766352913333333	-0.747777044666667	-0.813959785666667
mmu-miR-18b-5p	-0.677792517	-0.591735295000001	-0.533187122666667	-0.971324809999999	-1.16918074266667	-1.27786737266667
mmu-miR-18b-3p	-0.910694985	-0.310863766	-0.341041514666667	-0.945940063666666	-1.15321094133333	-1.63697464533333
mmu-miR-421-5p	-0.0812949669999998	-0.210815761333333	-0.0297678943333334	-0.058752793	0.500170275	0.149300957
mmu-miR-421-3p	-0.0524838733333333	0.0829416066666665	0.36298161	0.246976996666667	0.211940093333334	0.287401986666667
mmu-miR-466c-5p	-0.260351444333334	0.0920700366666664	0.0270142363333331	-0.107080489666667	-0.712628774	-0.855462949
mmu-miR-466g	-0.0866302170000002	0.0920165456666668	-0.472490489	-0.355991775	-1.03339825066667	-0.786605387666667
mmu-miR-467c-5p	-0.209346456666667	-0.255127399	-0.268951269666667	-0.2085351	-0.924798729333334	-1.490404078
mmu-miR-467c-3p	0.177531853666667	0.526356416666667	-0.134742221	-1.201298499	-0.510018164666667	-0.656782865
mmu-miR-467d-5p	-0.173968456666667	0.0181463729999995	0.123846581666667	0.0157036959999998	-0.0915080516666669	-0.807367657333333
mmu-miR-467d-3p	0.246593739	-0.040872552	-0.286498465333333	-0.360327901666667	-1.05984945333333	-1.03977739533333
mmu-miR-92b-3p	-0.617414834666667	-0.205547553333333	0.080153309	-0.0731351363333337	-0.767595837	-0.991227544
mmu-miR-466d-5p	-0.266375767666667	-0.140558545333333	-0.533954497666667	-1.15375389933333	-1.28616815633333	-1.30599001566667
mmu-miR-872-5p	0.306412258999999	0.361055389333333	0.583587136333334	0.788301825	0.826756662000001	0.801909412
mmu-miR-872-3p	0.298770628333333	0.597459611	0.565655890666666	1.133664973	1.33163239766667	1.17121493633333
mmu-miR-208b-3p	0.232461457333333	0.671973181	0.257572646	-0.156890576	0.461123999	0.605881977333333
mmu-miR-877-3p	0.262923368666667	0.0251103143333333	-0.343817297333333	-0.318995213333333	0.340351092333333	0.105254537333333
mmu-miR-511-3p	-0.214915139666667	-0.161542740666667	-0.490602939	-0.161320808	-0.36950854	-0.533984225
mmu-miR-582-5p	-0.371918065	-0.721434837	-0.899670304666666	-0.433157534	-1.28251719533333	-0.952001821
mmu-miR-582-3p	-0.138314928333334	-0.373135869	-0.033545191333333	-0.663408284999999	0.148233543	-0.209474200666667
mmu-miR-467e-5p	-0.166923697666667	0.135796789666667	-0.162030567	0.0117331336666666	-0.417972844666666	-0.604700541
mmu-miR-467e-3p	-0.132677899333333	-0.119578269666667	-0.915836460666667	-0.84969234	-1.150059493	-1.31540356466667
mmu-miR-466l-3p	0.0318539270000001	-0.288249946	0.0135038576666665	-0.731244609	-1.123174677	-0.793549397333333
mmu-miR-669k-5p	-0.229656563333333	-0.204037173666667	-0.142939432	-0.137616181333334	-0.460945367333333	-0.314988413666667
mmu-miR-669g	0.196727852333333	0.29823506	0.655668988	-0.139238239333333	-0.00281116100000004	0.199102999333333
mmu-miR-669d-5p	-0.0213249363333337	0.201462248	-0.168618111666667	0.181355161666667	-0.366004177666666	-0.566943836666666
mmu-miR-466i-3p	-0.232268412	-0.0172037073333329	-0.0772999423333331	-0.270478411	-1.07412386766667	-1.053789473
mmu-miR-1b-3p	0.158191819666667	0.605425797666667	-0.0369418696666668	0.169991962	0.243076917	-0.212154051666667
mmu-miR-1187	-0.239915574666667	0.211192314666667	-0.839567016	-0.443800823333333	-1.56619323966667	-1.38975605466667
mmu-miR-669f-5p	-0.0262671293333332	0.176554763333333	-0.0196709110000001	0.207306813666667	-0.461164350666667	-0.681595240333334
mmu-miR-669f-3p	-0.0671209489999998	-0.0550100463333332	-0.213298605666667	-0.274497316666667	-1.17554404266667	-1.55102211166667
mmu-miR-669h-5p	0.148088009666667	-1.094261752	0.158294241333333	0.608996818666667	-0.316277945666667	0.0291828956666667
mmu-miR-466f	-0.321332939333333	-0.189182939333333	-0.554870917	-0.172574207	-1.08011537433333	-1.336249379
mmu-miR-466k	-0.210434446333333	-0.285640017333333	-0.460759345333333	-0.54320426	-0.716446178	-1.03807451833333
mmu-miR-1190	0.0781886556666667	0.276671383	0.260621854333333	0.257470598	-0.19601834	-0.092348216
mmu-miR-1191	0.0132206359999998	0.0462709466666666	-0.129706650333333	0.0239157396666667	0.0801331856666666	-0.404700078333333
mmu-miR-669e-5p	0.0561320219999999	-0.151268942333334	-0.162147173	-0.214009677333333	-0.422604005333334	-0.171292983666667
mmu-miR-669e-3p	-0.0050570326666665	0.0924555376666665	0.0888630866666666	-0.670270943333333	-0.238033902	-0.784551369333333
mmu-miR-1198-5p	-0.204855829333333	-0.179209838333334	-0.216547290666667	-0.0336846036666666	0.729846613333334	1.00674180266667
mmu-miR-1198-3p	-0.245523253666667	0.404220414666667	0.0420659423333335	0.214393596666667	-0.412062033	-0.839287795666667
mmu-miR-1927	-0.254581399666667	-0.119663486666667	-0.284290935666667	-0.347974599666667	-0.0354480109999999	-0.270833823666667
mmu-miR-1929-5p	-0.0893721159999998	-0.056059589	-0.217628611666667	0.360534973333333	0.181100987	0.461128485
mmu-miR-1930-5p	0.173452456333333	0.415421213333333	0.350503893	0.438894439	-0.319538180666667	0.222352955666667
mmu-miR-1933-5p	-0.295860239666667	0.185450307333333	-0.218003981333333	0.0988509203333333	0.567465527	0.465040986
mmu-miR-1933-3p	-0.329801297666666	0.239489618	0.210992397333333	0.322131989	0.439507521666666	0.170512954
mmu-miR-1934-5p	0.0410280576666668	-0.00986761366666666	0.326467632	0.0633881666666665	0.536335015	0.509873348666666
mmu-miR-1934-3p	-0.485325565	0.522622539666667	0.0472960683333334	0.339103844666667	1.31277992433333	0.621035231666667
mmu-miR-1936	-0.678654535	0.233630667666667	0.230714334	1.25622329933333	-0.809977399333333	-0.667527820666667
mmu-miR-1940	0.0055940636666667	-0.780588752333333	0.305417033666667	0.267101752666667	0.715999013333333	1.005060112
mmu-miR-1943-5p	0.220729854333333	0.287728940333333	0.109300284333333	0.385909997666667	0.153828659	-0.269729846333333
mmu-miR-1945	-0.199673462333333	-0.233133226666667	-0.36853105	-0.14941774	-0.438278809	-0.208556731666667
mmu-miR-1306-5p	-0.472699637	0.447965356	-0.172221133333333	0.326137841666667	-0.285875860666667	-0.0469306133333334
mmu-miR-1306-3p	-0.246619001	0.234059098333333	-0.525826191333333	0.686600969666667	-0.236353773333333	-0.052213534
mmu-miR-1946a	0.427476425	0.321863981	-0.254355383666667	0.163212744333333	-0.757883668	-1.46715097266667
mmu-miR-1947-5p	-0.0661087896666667	-0.271776931666667	-0.291127628666667	-0.35221699	-0.0903757569999997	-0.801176597333333
mmu-miR-1949	-0.194255952333333	-0.516989927	0.217664938	0.648178153	1.17958058366667	0.986243301666667
mmu-miR-1950	-0.040768718	0.714843418333333	-0.129120546	0.247537407666667	0.0305411553333333	0.106179187666667
mmu-miR-669l-5p	0.0326409279999999	0.0187557693333333	-0.0583247960000003	0.536206643333334	-0.145084005666667	-0.561769717666667
mmu-miR-669m-3p	-0.341970867	-0.261853933333333	-0.286406252333333	-0.877954864	-0.971618217	-0.497732978333333
mmu-miR-669o-5p	-0.114447568333333	0.0282903813333334	0.110324227	0.0334783413333334	-0.565749237333334	-0.378812806666667
mmu-miR-1953	-0.351752212333333	-0.211324340666667	-0.155776953666667	0.199626772666667	-0.216806623666667	-0.335436972
mmu-miR-1955-5p	0.098712058	0.194019922666667	0.496245031333333	0.937540693666667	0.929174048	0.0265029886666667
mmu-miR-1955-3p	0.108897164666667	-0.337678371333333	0.0689018786666667	0.274604191333333	0.405763261	0.558351544666667
mmu-miR-1958	0.0487410623333333	1.13192597266667	-0.0153410913333334	0.430749034333333	0.438162082666667	-0.171192247333333
mmu-miR-1960	0.360802675333333	0.141405267666667	-0.0842931293333331	0.147834909	0.498677279	0.305850129666667
mmu-miR-1964-5p	-0.104127139333333	0.00689904966666655	0.150569507	-0.821509664666667	0.0132946506666666	-0.652787093666667
mmu-miR-1964-3p	0.00660345133333321	-0.215295884333333	0.127556812666667	-0.169496235666667	-0.280173705	-0.476735167333333
mmu-miR-1946b	-0.0746868483333333	0.0413440873333334	-0.399517489666667	-0.369009881333333	-0.971764301333333	-1.61949991766667
mmu-miR-1983	0.696530458333333	0.810817064	1.02711180366667	0.590881202666666	-0.825200904333333	-0.0107487746666666
mmu-miR-1839-5p	0.0925791530000003	0.149651618333333	-0.254810385	0.0853892850000001	0.213109418333333	0.536487755333333
mmu-miR-1839-3p	0.0375921253333334	-0.380978311666667	-0.272161143333334	0.544710632666667	-0.533027396666666	0.259531428333333
mmu-miR-1981-5p	0.261536633666667	0.593865831	0.675673340333333	0.453571551	0.639325900666667	0.399923575
mmu-miR-1981-3p	0.122095263	0.501868147	-0.162879249666667	0.482552855666667	0.473271878666667	0.298028062666666
mmu-miR-1982-3p	-0.177952139	0.889150296	0.772633001	0.395725441	0.386755012	0.411372141
mmu-miR-664-5p	-0.071324122	-0.0800066009999999	-0.115694949333333	-0.216616301	0.246251307	-0.381551211666667
mmu-miR-664-3p	0.0482649493333332	-0.0520013869999999	-0.0805325033333335	0.285499121333333	0.184189357666666	0.653517936
mmu-miR-3057-5p	0.00825484399999995	-0.544225171666667	0.152547100333333	0.18981857	-0.702819290666667	0.413872972666667
mmu-miR-3061-5p	0.230227242666667	0.408152576	0.451957445666667	0.799311367	-0.113540778666667	-0.130962413333333
mmu-miR-3061-3p	0.196625279333333	0.178447202	0.318932957333333	0.298064089	0.638427909	0.161902464666667
mmu-miR-3062-5p	0.424642979666667	0.420286888333333	0.48793973	0.141932866666667	0.446099455	-0.305770234666667
mmu-miR-3066-5p	-0.127176448333333	-0.407624349333334	0.197053965666666	-0.0478263926666667	-0.309604120666667	-0.590403432666667
mmu-miR-3066-3p	0.186606259	-0.000870009000000079	-0.176865663	-0.370050701	-0.204972496333333	-0.258673268333333
mmu-miR-3068-5p	0.361393437333333	0.189561965333333	0.444296019666667	0.0262784293333335	-0.220497589333333	0.277638103
mmu-miR-3068-3p	0.050967486666667	0.406888834333333	0.237959082666666	-0.0640799176666667	-0.0945821926666666	-0.528100543333333
mmu-miR-3069-5p	0.149044726333333	1.27352499733333	1.30689951766667	1.082732919	0.765692252333333	-0.408574956
mmu-miR-3069-3p	-0.469767621333333	0.132588808	0.039692972	0.469071095	0.454394420666667	0.0654542646666667
mmu-miR-3074-5p	-0.206251403333333	-0.381960142	-0.316224115333333	0.168010597	-0.0753493979999999	-0.558112319333333
mmu-miR-3074-1-3p	-0.246829272333334	-0.0662211136666665	-0.454144695666667	-0.598696058666667	-0.554960149333333	-0.972393629666667
mmu-miR-3075-5p	0.276072142666667	-0.316532769333333	0.151214335666667	-0.125174722333333	0.581173893	0.472238835
mmu-miR-3076-5p	-0.309172995333333	0.0363258486666667	0.157947031333333	0.492074719333333	0.135799141	-0.0708471206666666
mmu-miR-3076-3p	0.0266167063333332	0.741356170666667	0.172955097333334	0.215099389333333	-0.225490925	-0.370411049333333
mmu-miR-3082-3p	0.442978393333334	0.581941751333333	-0.113423669666666	0.610871631666667	0.564792577666667	-0.0720106623333334
mmu-miR-3084-5p	0.121994841	0.516774680666667	0.672923441	0.587422263666667	0.721575801	0.502900817333333
mmu-miR-3084-3p	-0.0799515093333334	-0.203035696666667	0.0369005406666666	-0.757102246666667	0.0252414026666666	0.293630411666667
mmu-miR-466m-3p	-0.51031387	0.145734706	-0.406931085333334	-0.372399485333333	-0.533872466	-0.757927959
mmu-miR-466o-3p	-0.0214266333333334	0.303134865	0.309491049333333	-0.665467059	-0.643587034666667	-0.451868285333333
mmu-miR-669p-3p	-0.235661527333334	0.282089435333333	-0.193943934333333	-0.196975324333333	-1.321995907	-1.247392859
mmu-miR-466n-3p	-0.193752040000001	-0.238396592	-0.494901421666667	-0.16558472	-0.948266564	-1.03630816233333
mmu-miR-3091-3p	-0.750517459666666	0.540176981	-0.817756590333333	-0.107047779	-2.20258860233333	-3.702029073
mmu-miR-3098-5p	0.031577871666667	0.353703423	0.291486751	0.514507662666667	-0.179533181333333	-0.575734074
mmu-miR-3101-5p	0.0160959553333334	-0.197976465666667	0.400066188666667	0.350043858666667	0.304102496333333	-0.188097979333333
mmu-miR-3103-3p	-0.0437549686666666	-0.196228591666667	0.058847419	-0.142603799333333	-0.355250896333333	-0.375330845666667
mmu-miR-3110-5p	0.394701483	0.895603088	0.0804843896666666	1.21363960266667	0.0563149673333333	0.776135838333333
mmu-miR-3112-5p	-0.614813885333333	0.150877698333333	0.335115915666667	-0.119452086666667	-0.17459892	0.0717371586666667
mmu-miR-3112-3p	0.232995478333333	0.332414801	-0.0519850553333335	0.410444682	-0.0125750603333334	-0.655257101333333
mmu-miR-1843b-5p	-0.104778508333333	-0.627759763666666	-0.819463463	-0.299131146	0.260640645	0.163875346333333
mmu-miR-5104	-0.0123963503333333	0.123880158333333	0.060510448	-0.104569018333333	0.397217604	0.782832581
mmu-miR-5114	-0.106816571333333	0.738637653333333	-0.517867993333333	-0.103592622666667	-0.225895513666667	0.608244756333333
mmu-miR-5121	0.14887867	-0.263238383	-0.387001028	-0.221554104333333	0.697936639333333	0.965780426
mmu-miR-3473d	-0.0378725589999999	0.0439436796666669	0.642346400333333	0.32153435	0.296993591	-0.475114772666667
mmu-miR-5123	-0.284404183666667	0.353169702	0.549455999	1.137928236	0.66825717	0.342881181333333
mmu-miR-5128	-0.167883979333333	0.510756627333333	0.535985704	0.224797838666666	0.463039417	0.470886581666666
mmu-miR-5129-3p	-0.264335992666667	-0.489052001666667	0.095901463	0.473923713	0.200545873666667	0.691846527333333
mmu-miR-5615-5p	-0.107442140666667	0.776000130333333	0.0689999263333333	0.805446973333333	0.0141725663333333	0.333570224666667
mmu-miR-5622-5p	-0.0645712463333333	0.475053625666667	0.505386659	0.79255801	-0.096256864	-0.00939165066666673
mmu-miR-5624-3p	0.112075881	1.07063840966667	0.415137917	0.0531630750000001	-0.235244378666667	0.145417667666667
mmu-miR-5627-3p	0.153934922333333	0.136849100666667	-0.0651876113333333	0.0846894766666666	-0.0774490626666667	-0.301191732333333
mmu-miR-6240	-0.446183104333333	-0.603097900666667	-0.0369321559999998	1.02408365733333	0.485383248333333	0.767150046333333
mmu-let-7j	-0.727800615333333	-0.498697923	0.183619609333333	0.00911483766666699	-0.396562674333333	0.369341029666667
mmu-miR-6399	-0.250656008666667	0.158532385666667	0.472752190333334	-0.0988026623333334	-0.391297152	-0.820069531666667
mmu-miR-6537-3p	0.414279361666667	1.21443952733333	0.492342964666667	0.889510567333333	1.05628691366667	0.925920445333333
mmu-miR-6911-3p	0.0202119330000001	0.359087934	0.346797034333333	0.139162493333333	-0.00954466866666659	0.226238287
mmu-miR-6913-3p	-0.0271907513333333	0.504632229666667	0.631520762	0.823636753666667	0.266558208666667	0.160425753666667
mmu-miR-6918-5p	0.0645732533333334	0.145491957666667	0.388093132	-0.640704977333333	-0.225667607666667	-0.142324858
mmu-miR-6932-5p	-0.165897717	0.0321422563333333	0.280032487	0.238085917	0.0271960719999999	-0.01627176
mmu-miR-6936-3p	0.429237366	0.557880402666667	-0.132891640666667	0.265161907666667	0.729659417666667	-0.193950246
mmu-miR-6937-3p	-0.131911801	-0.258807553666667	-0.286275984	-0.443720101333333	-0.310069197	-0.426075499666667
mmu-miR-6944-3p	-0.423217108333333	0.50126013	-0.0609629456666666	-0.611134818333333	-0.085770143	0.227535512
mmu-miR-6948-3p	0.196359034	0.288381825	-0.0808760816666669	1.354265174	-8.78363333332762e-05	-0.266423212
mmu-miR-6960-5p	0.0798384520000001	0.836319585	0.0563430883333333	0.543434457333334	0.160445228666667	-0.0258468213333333
mmu-miR-6974-5p	-0.483001966	0.405273387666667	-0.294658882	-0.615363215	-0.910366211333333	-1.45069744933333
mmu-miR-6988-3p	-0.111424112666667	-0.0544808	0.198409330666667	-0.717363065333333	0.558879701333333	0.228325765666667
mmu-miR-6989-3p	0.168130494333333	-0.202173594666667	0.075434822	1.192549839	0.514277105666667	0.168958477333333
mmu-miR-6990-5p	0.0661284426666667	-0.420897646	-0.0806182	-0.244112278666667	0.0990324010000001	0.0580270653333333
mmu-miR-6992-5p	0.00981939233333332	0.142757946666667	0.478841128666667	0.0535610203333333	0.231080017333334	-0.596033801333333
mmu-miR-6992-3p	0.0586386356666666	0.00814259499999996	0.495090798666667	0.568064051333333	0.606625665666667	0.377834061
mmu-miR-6996-5p	0.403506683666667	0.86252275	0.431409659	0.715754645666667	0.107836576	-0.203887281333333
mmu-miR-6997-3p	-0.166474051	0.139535737333333	0.445149656666667	-0.0188455063333333	-0.133189247666667	0.891646373
mmu-miR-7012-5p	0.272009287333333	0.0666170373333333	0.385500816	-0.319372056666667	0.286176232666667	-0.258223517666667
mmu-miR-7015-3p	0.297238271333333	-0.0504717149999999	-0.28661077	0.468767295	-0.199676885666667	-0.0505564956666666
mmu-miR-7019-3p	0.171504976	-0.162653921	-0.404473283666667	-0.561048417	-0.450695658333333	-0.17146787
mmu-miR-7054-5p	-0.416791928	-0.155587500666667	0.0640598316666667	-0.055863712	-0.627253643666667	0.348890477666667
mmu-miR-7059-5p	-0.289603438	-0.165486832333333	0.154401888666667	0.358531519666667	0.0357305483333333	0.638094980666667
mmu-miR-7064-5p	-0.0833273866666667	0.341466662	0.568199866666667	0.539544065	0.550635847666667	-0.0299728773333333
mmu-miR-7068-3p	0.288469873666667	-0.124133614	0.32299525	0.335962618333333	0.214973486333333	0.185994575333333
mmu-miR-7081-3p	0.0460233610000001	-0.730302425666667	-0.603730004	-0.202717107666667	-0.815025238666667	-0.0620317600000001
mmu-miR-7082-3p	0.302714950666667	0.269529896666667	0.343209806333333	0.535866634333333	-0.0814036499999999	-0.431347039
mmu-miR-7089-5p	0.249219874333333	0.656901465	0.481965125666667	-0.304959103666667	-0.0981457476666667	-0.150792813
mmu-miR-7091-5p	0.216826669333333	-0.467524358	-0.0848310496666667	0.410054900333334	0.0692692623333333	0.27828875
mmu-miR-7116-3p	0.177414948333333	0.315693098333333	0.794596729	0.400983838	-0.455644370666667	-0.110463105
mmu-miR-7237-3p	0.188473841333334	-0.0402762616666667	0.00220513066666676	0.0201778383333334	-0.429222071	0.171853015333333
mmu-miR-7650-5p	-0.0176912029999999	-0.290584466	-0.30896831	-0.548863785	-0.373737433666667	-0.946694704333333
mmu-miR-7651-5p	-0.141997275	0.438284366	-0.0646923043333334	0.979898843666667	0.0931004953333332	-0.404455104
mmu-miR-219b-3p	0.543132836666667	-0.0274914773333334	-0.516544305	-0.252494125333333	-0.198976872	-0.164243184333333
mmu-miR-7036b-5p	0.443412797333333	-0.149469397666667	-0.326420231333333	0.347743302333333	0.112721286666667	0.324391662
mmu-miR-7653-3p	0.013533615	-0.114873308	0.160240871666667	0.094350283	0.422005956333333	0.373169545333333
mmu-miR-7655-5p	0.0322362773333333	0.885727496	0.307689030333333	0.484190296333333	-0.124189868666667	-1.259173351
mmu-miR-7661-3p	-0.165222719	-0.135201807	-0.259198238	0.119559479333333	0.174169618333333	-0.632470891333333
mmu-miR-7667-5p	-0.237555955333333	0.400382059666667	-0.114511678	0.699613117666667	0.273063965333333	-0.25840552
mmu-miR-7667-3p	0.0321419696666666	0.0411970643333333	-0.313265730333333	0.616774237	0.0343098126666665	0.135206975666667
mmu-miR-7668-5p	0.372503613333333	-0.109847454666667	-0.0431739579999999	0.848901679666667	0.286888102333333	0.731787466666667
mmu-miR-7670-3p	0.142885399	0.695875614	0.668704385	-0.054620137	0.0330174433333332	0.233541320666667
mmu-miR-1191b-5p	-0.120828657333333	-0.585511620333333	-0.0160651376666667	0.0568684786666667	0.427756979	0.112108914333333
mmu-miR-7677-3p	-0.0206460646666667	-0.340031427333333	0.626494078666667	0.491827603333333	0.173147927	0.186256331333333
mmu-miR-7679-3p	0.448365531333333	0.131567257	-0.255799247666667	0.042141478	-0.959183197333333	-0.391015758333333
mmu-miR-7683-5p	0.609890076333333	-0.146920309333333	0.106394538333333	0.9327903	1.01073434833333	0.972825488666667
mmu-miR-7687-5p	-0.230339919333333	-0.102227727	0.381359971666667	-0.367647382333333	-0.114912549333333	0.117002986333333
mmu-miR-1258-5p	-0.141128402	0.959276663	0.228352772666667	0.465628020333333	0.263881366	0.364079673666667
mmu-miR-7689-3p	0.733783393333333	0.511938365333333	-0.059603816	-0.00711702266666666	0.0374429833333334	-0.185166321
mmu-miR-1291	-0.658418501	0.0160853603333334	0.635242052	0.340555461666667	0.00987594066666671	0.501055405
mmu-miR-8103	-0.10540689	0.129061264	-0.258008832666667	-0.288632436	0.592957092666667	0.298900285666667
mmu-miR-8105	0.454236434333333	0.580329493	-0.298302771	0.552595432333333	0.276642108666667	0.213794092333333
mmu-miR-3535	-0.313980927666667	-0.229902116333333	0.0954532860000003	-0.341772066666667	-0.593849619333334	-0.896524835666667
mmu-miR-8114	0.495533374	0.801847117666667	0.349828959333333	0.59137982	0.976369295	0.851883885333333
mmu-miR-8118	-0.12840687	0.41439256	0.372293404	0.864939605333333	-0.09341299	0.0351258563333332
