Prot_name	Ikaros/Control_0h	Ikaros/Control_2h	Ikaros/Control_6h	Ikaros/Control_12h	Ikaros/Control_18h	Ikaros/Control_24h
Mob4	0.000747294292478144	-0.00209781454227126	-0.0139623363484401	-0.0102136518046874	-0.0152274763100589	-0.00799596322240732
Rps6ka3	0.03531058344722	-0.054430511568168	0.0386443356450865	-0.0609076128194238	-0.0666848242774639	-0.09325632533747
Nedd8	-0.0231376762943145	0.00310478153351922	-0.0251164859827087	-0.0193961162361619	-0.122656713211526	-0.136547109476221
Mrpl10	-0.0376147462373484	-0.0189160973941808	0.0328918074576219	0.014026079025991	0.0673064840784307	-0.0231927331884033
Eny2	0.00202893547374851	0.00413486206997786	-0.100931466176618	-0.0423374901938388	-0.0708709636569537	-0.0704987310965008
Eif2b4	0.000497423999983416	-0.0323979239329933	0.0230239529044354	-0.0150982212069308	-0.0729847898015887	-0.0411901855388474
Metap2	0.0359160972165343	-0.0445854609647003	0.00100140639295781	-0.126885766058035	-0.183120726917581	-0.157229283758887
Birc6	0.0112239272890973	-0.0165539619191571	-0.0155862323946476	-0.0147104698551889	0.0397786182261486	-0.0281947807157131
Crnkl1	-0.00292074399981011	-0.065290827942899	0.0394896749893992	0.0259278756575814	0.0724424033096635	0.0606433075173979
Armc1	0.0230587533973745	0.00698347339705447	-0.103782323372555	-0.161306056595574	-0.171130338915516	-0.0946472497312485
Smim4	-0.0243140773175839	-0.00798283593696954	-0.0690565449554905	-0.0133668144176065	-0.0104756580916877	-0.0990095904474738
Tfam	0.0441662559894191	-0.00325047670018728	0.0184000762285013	-0.0114569435519568	-0.107913203716102	-0.0416937857497297
Arpp19	0.0476101331603023	-0.0576182009207406	-0.0414442083505139	-0.0271360360912399	-0.101872775210135	-0.03508017366909
Nup43	0.05692061485516	-0.0519640652134661	-0.0401034841675957	0.0270443999267777	-0.0535170265014513	-0.0581133590234847
Nup188	0.00275232042594037	0.04118896193592	-0.0798523879657811	-0.0122573962438168	-0.0347396910891005	-0.0681335351869678
Elp3	0.0367603217162463	-0.0406316458949906	-0.0384877795191829	-0.0238520725144094	-0.0319365104868415	-0.0812623512211485
Pycard	0.00138551333683795	-0.040028018378834	-0.000513768421962312	-0.164453003642042	-0.0741624798554729	-0.0874148685751287
Map2k3	-0.0805482638846627	-0.0196077400598217	0.000630022540243208	-0.024581770270068	-0.0857033591419748	5.82219564759851e-06
Crip1	-0.0265916225239074	0.0548840529120489	-0.0335562536781028	0.149983846887054	0.110448737871076	0.0526718994212384
Dync1li1	0.0666308383336721	-0.0145021010352388	-0.0359241042616619	-0.0851333962828055	0.136452764752187	0.104866967091465
Kif2c	0.0104411696391967	0.145107628655154	0.0927307836288013	0.0731590094214867	0.0583001114576958	-0.000191116231414257
Mrpl41	-0.0158331014714261	-0.0727148683391999	0.0157518058689623	-0.0203041943344595	-0.0236242882713874	-0.106282698614018
Ptplb	-0.00175293536124889	-0.0153611189890887	0.0116192814928579	0.00653281493325711	0.0679650524569586	-0.0283709562488497
Cpsf1	-0.0194318012084779	0.0284509771326369	-0.0184473217014397	-0.0131481697666993	-0.0148627427931958	-0.113291817825706
Timm8b	0.155488338434589	-0.07725892572045	-0.379065036768837	-0.0391275018338545	-0.0914806273664777	-0.136425649874915
Lsm6	-0.023100486358149	0.0596486279648206	-0.0217688764222041	-0.039258635730378	0.0068301024879379	-0.0706767701300924
Mak16	0.0674949680760115	0.0472993573468343	-0.082455925479185	-0.116136459539787	-0.191157489115182	-0.0580231144543815
Mrpl15	-0.00727245892593697	0.00191893626092551	-0.00330919901271404	-0.0653425441207477	-0.0525135780754176	-0.068997364570357
Gtf2e1	-0.0895115225974592	-0.0459555787710182	-0.075987043426212	-0.182875912073774	-0.139477172830468	-0.0099323950375714
Slc25a13	-0.00470315321667221	0.100424344304109	-0.103602474133997	-0.0631417351637237	-0.127622746473948	-0.134045281868816
Prkar2a	0.0277726841833414	0.011728631528865	-0.0311241322164253	-0.0284054577818245	-0.034615500056974	-0.0517465698539033
Grwd1	-0.00962508427037458	-0.0706463281729027	-0.0946904410625009	-0.101205451774256	-0.109539261953017	-0.083842817809161
Mrps18b	0.0635188470401558	-0.0232095491073391	-0.0278592039960152	-0.118770095132516	-0.108593784245447	-0.130212131760179
Lrrc40	-0.00548616595700048	0.000572002954559925	-0.0711052912897223	-0.0621571670480666	-0.0738379444323833	-0.11558866134558
Csnk2b	0.0292724029039443	-0.0146710582475218	0.0132647556420278	0.0581641589227721	-0.0244271342466774	-0.0144559658197504
Ercc6l	0.032874132306104	0.0588922047338284	-0.0254597600123763	-0.0242778195612708	-0.029859851107004	-0.100185067705849
Slc4a7	0.018697837558006	0.0737411808976039	-0.00822086093505679	-0.0832772282128681	-0.110133639949913	-0.152780664946628
Tma7	0.0515549550461219	-0.0577614250440907	-0.128478935142634	-0.152377441215075	-0.0388008135237553	0.0494094200185694
Cth	0.00492522304391283	0.0105798547047412	0.0375005731934175	-0.00453690884845468	-0.17033544425997	-0.0285964966265685
Pura	-0.0878857022225556	0.0278011275071075	0.00240497482870288	0.0214435586360348	-0.000456991052661015	0.0846797752326358
Myo1g	-0.130269316947809	0.129355182123814	-0.00474617744465237	0.0874922238518145	0.134847081939529	0.154661780346235
Pmpca	0.0269490579900471	-0.125151945350714	0.0837268186308594	-0.00823160286294074	-0.0145263456118719	-0.184390818002887
Gatad2b	0.0731133011785526	-0.065509202784113	0.148506423916162	0.011591833928147	0.226522829147268	0.151768856084873
Hccs	-0.0735829209769522	-0.119504220576885	-0.0115750571204951	-0.0567327456768758	-0.168819878624261	-0.0267727485133458
Eif4e	0.0570920574395266	-0.0546309564719864	-0.0105033488434851	-0.0173525049856559	-0.10327340979376	-0.159152240963184
Acsl5	-0.00759542056879988	-0.0654436180053993	0.0287229226840883	-0.0660133241391399	-0.0991718382147034	-0.189892464216908
Cirh1a	-0.0237075070995494	-0.0266499199926862	0.0288306903099413	-0.0493745895338709	-0.0530861947899659	-0.0959782306416552
Tmem33	0.000491307260898941	-0.0421965711832996	0.00819636596003319	0.0277049953206098	-0.16163211058449	-0.221766923180562
Gsr	0.0438660283736263	-0.037966131969569	0.0633329568673281	0.00155082225082296	-0.0612795991435816	-0.0677355216079953
Nup98	0.0100719795636063	-0.100642822614729	0.0187292858053038	-0.175118068954566	0.0558971956567498	0
Gmds	-0.00507958176308985	-0.0315434037453681	0.0242551816132388	-0.0655205488428889	-0.00581947946793656	-0.262567344458495
Ddx54	0.104234779832187	0.0442862503305615	0.00403698435047911	-0.138417421490034	-0.192918066966726	-0.103729042155615
D10Jhu81e	-0.00625947453216661	0.0114664945313534	0.0608243010108997	0.0839671331601365	0.0597717089491452	-0.104215684405027
Arl6ip5	0.0235933842560863	-0.0429579968001612	-0.0338258794213177	-0.0884544119647092	0.0195373495485301	-0.0797419132886227
Acp1	0.140366614947676	0.0342833603152319	0.0189318667707006	0.121763844633671	-0.115557890351944	-0.129959096211022
Ppp1r18	-0.0431601421297786	-0.0558162911994979	-0.0194656980745152	-0.122482686122368	-0.194865819061787	-0.334561240804727
Cops3	0.0530963701194857	-0.0334316690112674	-0.0300653470839626	-0.0210202312791219	-0.0234133805109037	-0.1630185739005
Lamp2	0.0188516624038389	0.0768105229917807	0.0156828044020602	0.0814204303082393	0.0493168068751011	0.0384270339902135
Scd1	0.00411159530986025	0.115519316320271	0.00532966790760377	-0.189660330819202	-0.0777973459026552	-0.0219786653865891
Fmr1	0.0387408151925462	0.00890930713388296	-0.0308933245679784	-0.189390873528002	0.00013092946377663	-0.0663908049031641
Zc3h18	-0.0366093042453703	-0.0580989628432009	0.0388008255992324	-0.0976311011356785	-0.0355625190928002	-0.051630865040574
Dpy30	0.0307907630831951	-0.132350189418157	-0.0130608081088421	-0.17880940586235	-0.0101598330676169	-0.173062099675047
Reep5	0.0797826832504387	-0.0408308522847233	-0.0709602023247443	-0.0712681032318353	0.171219678987073	0.0215679139343969
Fam98b	0.0989671042510227	0.00668070656341823	0.0186705122400616	-0.0424782546138134	0.162904815775201	0.0587659565733728
Rdx	0.0268798649011688	0.0830519971860945	-0.0480785466385637	-0.0259546557332232	-0.131670392651126	-0.140879749150766
Sec61a1	-0.0914434928383476	-0.0691420984112279	-0.210374511349735	-0.289671167343133	-0.0650164892151602	-0.143731068873715
Pitrm1	-0.0581695413857483	-0.0859739330722347	0.0118050758795827	-0.133882291808219	0.0663834959765759	-0.0420110339340032
Acot13	0.00643186812264912	-0.0377706019063254	0.0491632438288361	-0.165066900456564	0.0208635295713997	0.00822117878518868
Sugt1	0.0661735942542254	-0.0478986382763776	0.0180306402510796	-0.0526845177811918	0.123116313197306	0.145994562186405
Tpd52l2	0.0649310462130791	-0.00276574274812506	0.0188003199733376	0.0645818121569176	0.0721232346334269	-0.176954047612336
Stk4	0.177264967572643	0.01916740122723	0.00208460128724414	0.114619902842899	0.168716535957717	0.0758357997714509
Pole3	0.0587944813844106	-0.0190061847388285	-0.0334756969459166	-0.000628067807972228	-0.0298662699510899	-0.160244655879737
Gstp1	0.131547480181931	-0.0333267478404428	0.0316747958498137	0.150022420049412	0.171815450329254	-0.0331380014146015
Fkbp1a	0.0392559985972153	0.107384026177424	-0.0526887645585889	-0.113976126819657	-0.00992893366625217	-0.073890085837675
Rps27l	0.0114022022021939	0.0388542627884253	-0.0285969322914617	0.178622654970028	0.0561494149873776	0.047999278321375
Rbm28	-0.0322159490096167	-0.0943044289061293	0.0220990989262095	0.0718266883349581	0.0933073794495611	-0.143901370775697
Akr1c13	-0.00234740054331618	-0.0257118860927186	-0.0276685239620376	0.139601343053792	0.247050724728779	0.105936315658223
Ppan	-0.0106870417208943	-0.0319089335403831	0.00423445987504952	-0.0236591038996316	-0.0827900274091646	0.00166402634981512
Manf	0.0413400780044829	-0.134315209859241	0.0423960780654805	0.00825279913020448	-0.104663056016744	-0.0261455433549544
Srsf9	0.0060948410268821	-0.0272919975217845	-0.0206965413576551	-0.20735850553502	0.0430940308709647	-0.189157125410815
Spock2	0.0395149250475544	-0.185191498971775	-0.000271717059826695	-0.126769410736783	0.0423154937568994	0.0349634823058739
Sart1	-0.00663369629915221	0.0925484733647601	-0.0581843640779612	-0.10107214151657	0.0440371463179711	-0.0287092801313751
Hk2	0.0307117127042834	-0.0570808476172268	0.00819858168149254	-0.102465343210555	0.045814668151272	-0.0683938802105274
Lyn	-0.079645126539541	-0.00315848043211036	-0.0538973958451329	-0.0427639709461605	0.166478021358112	0.00544938010038569
Polr2c	-0.0269453327028954	-0.00406442336462827	-0.0664461233738705	-0.063011246507619	0.0520441313380457	-0.0807629178597881
Xpo1	-0.0114971368615744	-0.0948337467976628	-0.00355683648789405	0.100394231008954	-0.119642956421736	-0.025305162770256
Ubap2l	0.103655742703902	0.028514700284233	0.0100951461824465	0.064762318422916	0.0718506829320379	-0.0259979548226145
Dlat	-0.0230557251592943	-0.0266950636826326	0.00637588228506982	0.0625767745503389	-0.141549627136939	-0.000566061036097044
Copa	-0.0909498196962853	0.044611035870307	-0.00413774243745173	0.0621486476096216	0.123567124915416	0.0329533413014847
Glod4	0.128732875868302	0.139313903827147	-0.0390343838674468	-0.00749435840515906	0.0961658037692325	-0.0875532503324564
Nudcd2	-0.0135256315055214	0.00408155057583305	-0.0182043375173509	-0.0964156049206259	-0.015920460046643	-0.111639929473984
Ilf2	0.0091027249418007	0.0592071479473621	0.015681495360389	0.199171543173119	-0.16512238673665	0.000640921622054417
Tecr	0.019093958489378	0.107571086154759	-0.0825835636189356	0.0232937080620566	-0.039115787374716	0.0653368451964184
Rrs1	0.0824662991890774	0.0512269283144166	0.0420728871061617	0.0208428672764003	0.156524736327017	-0.149704744300869
Spcs2	0.0450121919983463	-0.00658419307936715	-0.00372926835102945	-0.0538963261433546	0.0435688990623774	0.0301340744527811
Skiv2l2	-0.00820353142282651	0.0308249945962919	-0.016147018214818	0.147007221373944	0.0777490105945172	-0.113844109462456
Chmp4b	0.0212582962636618	-0.0561306162636232	-0.00918843214797903	-0.0707201621314231	0.0274836980469218	-0.0185058541583078
Slirp	8.76353269163267e-05	0.000834163629723053	-0.0695959188318728	0.0436414630786047	0.135485518085319	-0.0793341663937996
Psmb3	-0.0476239293364502	-0.0520202187124635	0.01280602918702	-0.0462103011407674	-0.066926430477374	-0.000388470510234245
Copb2	0.100188225670453	-0.0470758339658809	-0.00667575784662449	-0.0183822202042586	-0.000322134837619737	0.0234936943922195
Sap18	0.0357339525904882	-0.00178686171234216	0.0217135976406054	-0.0105016214487234	0.182036120264613	0.00293913203557435
Vamp8	-0.0140175023888808	-0.0408635798476463	-0.0573130420419044	0.0323612157692529	-0.115189340357924	-0.0142268105681409
Nap1l1	0.0889014020496939	0.00338067280003171	0.00362282140128804	0.115874024833497	-0.059997350244704	-0.0240786720067253
Msh2	0.00148381077214906	0.0960964376702053	-0.029407786236299	0.00887656318625457	-0.00403958826796404	0.0317591322358412
Ppp1cb	-0.00623462651187751	-0.0295306378234	0.0365947521961706	0.0531522664667418	-0.0380058884075688	-0.0813201727172285
Fau	-0.0300568767206444	-0.0216065364347867	-0.0294268462432363	0.140366007519254	-0.0994512654317655	-0.0148727588749604
Psme1	0.0403604008776192	0.0231624882621873	0.0478244588570913	0.266136178979377	-0.0663560431945752	-0.0737558105046702
Trp53i11	-0.00348319393714626	-0.00438915845842305	0.00298155680214451	0.0494697135887465	-0.00985351678758992	-0.00499797780146952
Cyfip2	0.0113644888067605	-0.00492832555016167	0.00545452911452054	0.0236573809154162	0.0663160723179458	-0.0231185381128989
Eif4g2	0.0810865448946607	-0.146976661295409	-0.00592618449160109	0.0137220038693134	0.00909269696518052	0.054841633970994
Cdc5l	0.0669282241245413	-0.000110512155702023	0.00856777203908438	0.108938999186193	0.064599096122873	-0.0213850489345107
Cpsf6	-0.000958542374183727	-0.0729216473223308	0.0716169977960611	-0.0994189815798632	0.217824879411788	-0.0348369164877629
Larp1	-0.0155704126859633	0.123229482880145	0.0213236872482455	0.168347769825479	0.0104082866628846	0.089950482289467
Dek	0.00561177426737366	0.00209744342974384	0.021926533355558	0.156707617170653	-0.0469473693436869	0.0108211183820722
Polr2e	-0.00904598204950168	0.00361331423327486	0.00454061642578761	-0.114044422502534	0.0638434506797759	-0.0857210665453074
Cstf2	0.00984081610060736	-0.0392123038195845	0.0335655396753185	-0.105632974478491	-0.0109402191625727	-0.0944403585669924
Acp6	0.0170676705597215	0.115042973425615	0.00496236635152454	-0.000588659827383534	-0.0604006824820813	-0.0581289470650975
Gpr56	0.00925739339207342	0.113157974302925	0.0420479689993107	-0.0615873784827036	-0.0534726824296213	-0.319120462520777
Ncapd2	0.0172643265167841	0.0160830384573825	-0.033840442554189	-0.0440889924355165	0.0613763208115693	-0.0949869072849317
Acsf2	0.0760532700829298	-0.0572160383135455	0.0359994633016573	-0.102142584411868	0.187096551282316	0.0162178053596915
Ddx1	-0.0448370898232539	0.0383933928740711	-0.00567966568755132	0.00897645092956365	-0.17658024408754	0.019134769974343
Sh3bgrl3	0.171272552331456	0.0522877649718423	-0.000598978541129841	-0.220526856879478	0.170947510207222	-0.0689332331876097
Psmd6	0.0176470195767661	0.142188681856278	0.000599295704548826	-0.0356266066078973	-0.154558610805035	0.0060693596852318
Tomm70a	-0.0143602517312486	0.00352689077371058	-0.0105109141051268	-0.00672714924817177	-0.039426124352236	0.0342203882758449
Mzb1	-0.00338482120601796	-0.0921213026370923	0.00279706517080969	0.0533194949573057	-0.0347729750905295	-0.206627873402702
Gnai3	0.00157763228414637	-0.0374285771222684	0.0805116495651316	-0.0438477238857551	-0.0480935124991698	0.0222059138086272
Dync1h1	0.0035459116011775	0.061513867124045	-0.031698565468378	0.0956526218595472	-0.0507603276683277	0.0391270404170417
Arpc3	-0.0286507553337151	-0.0534538669822099	-0.00561451537605179	-0.00172889158960161	-0.063990760274867	-0.026129300269143
Txnrd1	-0.0130470605766476	0.0296981641605862	-0.0133459545978069	0.0193587621750355	-0.0579806986603083	-0.0715396157677904
Psma6	0.00663835555559362	0.0223919084770489	-0.0375750231282759	-0.0112935686202973	0.00143672961796539	0.0878994919887484
Son	-0.0639306750487551	-0.0225241689452881	-0.0126074349503662	-0.0658307073440413	0.0388523620979523	0.00316684457716375
Farsb	-0.0154996629495689	-0.0143609529948629	0.0467731942265303	0.0264825776717166	-0.0717888647498958	-0.0070435243942521
Emd	-0.0287758983615712	-0.0376078062458726	-0.0361527727615582	-0.0478458575335119	0.0137113690063059	0.052082653653974
Gsto1	0.0812342300430267	-0.074576365775006	0.0648098672095892	-0.178497297721178	0.0525164789542034	0.0229059389155759
Nme1	0.0802875231342189	0.0427323524128271	0.0108693955788409	-0.0348162638647184	0.036633833517985	0.063875336625127
Eif3a	0.0563898481201916	0.11703750407825	0.00249344862399098	0.13518103678106	0.000598357413615941	-0.0336800444177483
U2af2	0.00696587330654592	-0.0213254205350101	-0.00778952107672802	0.0224992630777993	0.0216616738817927	-0.0682681822335592
Psmd7	0.0347633106956566	-0.0129623465359796	0.00187556406226744	-0.105724628890283	0.0440184367592455	0.00846965249554337
Atxn10	0.0230402390147195	-0.0350504225417185	0.028891691583899	-0.0394837868151127	0.0143333382672248	0.0347246123122389
Aimp1	0.0428437975608786	0.0289793557567391	-0.00862767053794242	0.0170917936665829	-0.00361680670243368	-0.000143645505777932
Stat5a	-0.0617865490928282	0.0380405637282448	0.00919803476689125	0.0115946374256936	0.0815292867636554	0.0266188113257711
Shmt1	-0.00432696366042304	-0.053992040678349	0.0146466314283761	0.0324260083075834	-0.0573737857630092	-0.0135500737910293
Slc1a5	-0.019501880237058	-0.0469778098444353	0.0510874011815801	-0.0107688309487006	-0.106582248582283	-0.0349118247245317
Stmn1	0.0869513105984382	0.0449781253108895	-0.0257180633764044	-0.0172478086279094	0.124078627885071	0.0454736098493973
Cox6b1	-0.00457105911385877	-0.224894357057521	-0.0291513889108054	-0.0837451316729675	-0.0337328505885621	0.006612395596593
Arpc4	0.0742346212973119	-0.00344593748003133	-0.00227953390012177	0.162866897358903	0.0817914660139224	0.0159037877205308
Magoh	-0.0699823616571051	-0.081140511787813	0.0630915787462613	-0.0969132049175324	-0.0963311620806046	-0.0504158084910177
Psmc1	-0.0542396314363923	-0.00831115094239226	-0.00817047644475578	-0.00724369070996366	-0.128367729689502	0.0267054547548006
Psmc6	-0.00544122321028051	0.00303744461703203	-0.0232678171497791	0.123777442915731	-0.172095684598749	0.0191245768229877
Hnrnph2	-0.0556443977784061	-0.0342927378441659	0.0254123309947212	-0.0610883925109318	-0.0465596106178399	0.0515065290267528
Tceb1	-0.0384957665117999	-0.026602638503267	0.0396896715475302	-0.0180439001694592	0.0418646693184446	-0.0266509246924707
Eif5b	-0.0132003613431374	0.0272353710212414	-0.0335505903632789	-0.141894083655501	0.0436345093088002	-0.0611994511815991
Lyar	-0.0555911625943725	-0.057456457886561	-0.00140257111707151	-0.11954102307132	0.0292268642112566	0.0155908074994817
Psmb6	-0.0144006091393427	0.107227928737428	-0.142432270092212	-0.138553483750876	-0.159556649033326	0.00482479435633925
Ssr4	0.129044120056608	-0.0457638688963327	0.00570304557596822	0.13004403348146	-0.0167960061685004	0.00959151632098199
Snrnp70	0.0209039413028548	0.128730589845934	0.00196832339068813	0.00488015070179979	0.0248681485043575	0.00493733256004006
Top2b	-0.011706950743476	0.0104051317724588	0.00604951663300744	-0.0395658668314181	0.0589902157632192	0.0418061285981915
Srm	0.134028598933199	0.0236446099245155	0.00262912428408182	0.207396255967242	0.158482672063584	-0.0418226928403179
Pds5a	0.0355335877449929	0.0395733194239363	-0.00285626561533749	-0.127321918993948	0.0648469989514241	-0.148556832533292
Usmg5	0.0839245933345635	0.0140433324443797	-0.0262595879040909	0.153935552801551	0.111017874055921	0.0631267464960267
Apool	-0.0562888323270929	-0.0206676653092493	0.0487540183637351	-0.0316003233574964	0.00859531461104291	-0.0874050051017679
Nup214	-0.00201327894459534	0.0562654807083767	-0.02336072602572	-0.0622454534351752	0.095726593407115	-0.150964652389866
Etf1	0.00241505537387573	0.0599747849856445	0.0148365228518239	-0.014411125310497	-0.00999319472045148	-0.0325223657084092
Dock2	-0.0129023160002588	-0.0627265693833028	0.0433933635962839	0.0638223899624944	0.187271920995787	0.103226155814304
Mki67ip	0.0638724725898055	0.0490581975443708	0.00364174247784209	0.0649278726111747	0.0488540485588137	0.00440008809563837
Ndufs2	-0.0348879704629524	0.0447209894216992	-0.0060278371640221	-0.0213152309099484	0.0235351826471505	0.00881483768158097
Atl3	0.0531717583813753	-0.0170714793316903	0.011506897891751	0.218130324688622	-0.0360895823957465	-0.00862981632791255
Ndufv1	-0.0331970016938153	0.00275244653581325	-0.0792546008771414	0.100917760099166	-0.0944665172876138	-0.0383392884943237
Me2	0.024326416289988	-0.0730783634425363	0.00256310330158827	0.123823525434243	-0.0307849935571016	0.0187852630089547
Gtpbp4	-0.0722837767420255	-0.0355030177852899	-0.00766755867927911	0.0375396806765408	-0.0105639231183846	-0.0156526826404535
Kars	0.000408298264866248	0.0456689220126987	0.00119411686834968	0.0668193995024105	-0.00319046225440662	0.0219751032944864
Rtn4	0.0209162401844808	-0.146146317645644	-0.00378733902507017	0.0270706415191515	0.0587396999418783	-0.0147523340586059
Nup155	-0.0294804238387285	-0.022686469955073	0.00868612057435068	-0.0517086720956765	-0.0830166504819156	-0.0477158963738131
Tomm22	-0.0489381355056273	-0.095329228207213	0.0315886516291772	0.0400716006472388	-0.14341766731505	0.00177717556820438
Ssbp1	0.036744545968312	-0.00962412031535466	-0.00724406858810767	-0.154104589570965	0.0456966919503584	-0.0907681552207936
Chordc1	-0.0438333030929304	-0.0328002260866347	-0.00289077841868965	-0.049783323156441	-0.030390248145494	0.050570162091666
Atp5o	-0.0115091619835428	0.0233863290772214	-0.00428502839233575	0.0820790549479104	-0.0692238294652965	0.0303133388855268
Erap1	-0.0558329540252474	-0.0375724511376887	-0.00297571179063593	0.048327650852087	-0.0697857458905608	-0.0276995392734312
Prmt1	-0.0124254917926684	0.00963656100806615	0.0214737384269549	0.182699435171514	-0.102681126440857	-0.0280435375502168
Prep	0.206879166495535	-0.0394730026222909	0.0127845375385581	0.13623157468579	0.198453186424845	-0.0181355708300635
Nup210	0.0126300738952752	-0.0390590630569271	-0.00877682877739211	0.0574844626781052	-0.0224360630616588	-0.0078027871044803
Incenp	0.0196110452767096	-0.0728886172511055	-0.031483344641814	-0.0836016383651161	0.0491870048033969	-0.136907390695942
Rfc2	0.00329774679355756	-0.0463573933033899	0.0216664338162238	-0.0927102741511146	-0.0974412048674761	0.0181763273303266
Ilf3	-0.079020173399359	0.0115691321099163	0.00981349346780393	0.0260985014565379	-0.154443499054224	-0.0111940148415261
Psma5	0.0287790866641779	-0.00472484125577223	-0.0352009712057716	0.0694267989616076	-0.0252232084625022	-0.0120140764219514
Safb	0.037734468770077	-0.0375302457158466	0.00175237249512116	-0.0266374860971638	0.158306131794391	0.0412951687166608
Gls	0.0994392050458788	-0.0288608506781508	0.0347658245578107	-0.0367031778093447	0.0891698967806356	-0.0138048972410996
Hsd17b10	-0.00861872122143041	-0.0380318154859206	0.00602820154315916	0.0111584521285905	-0.00803108458237424	-0.0787575417334772
Prkcsh	0.0180246612300893	-0.00483820271306418	-0.0172576312086363	-0.0607400487424742	0.0554189259014895	-0.0114203744461214
Phb2	-0.0325380928453286	-0.00646305995972615	0.00388916865387579	-0.0212526877824454	0.0233655272066834	0.0173464891043583
Dhx15	-0.0075630908097089	-0.0312270342971596	-0.00159119536156882	-0.000685152031140714	-0.0812074833655826	0.00115288090774449
Kpna3	-0.0341872908741309	-0.0346085695644007	-0.080741556177202	-0.0723665067957548	0.0763571435072673	-0.0499119627276065
Pnn	-0.0432904426049774	0.116821624296503	-0.0263797339923125	-0.00415625192847739	0.0251468731779544	0.0369930507530207
Hnrnph1	-0.00108905359538443	0.006708374009172	0.0205316829611544	0.0414295913945284	-0.035771605821148	0.0264230470774789
Rpl35a	0.0389057205176091	-0.0469524623410107	-0.00463214848214188	-0.0767671724457291	0.042790991998293	0.0121551275918516
Atp2a2	-0.00499446429224969	-0.0284252766282844	-0.00664127472914103	-0.0416393116839121	0.00563656664939212	0.00878224085409223
Psma3	-0.00598340924878853	0.0542191291694903	-0.0143487688129503	-0.102739236049535	-0.0208502182217657	-0.0548339802281807
Hsd17b12	0.0213917208532714	-0.0149656006065972	0.00327833664439253	-0.0111123490661273	0.0472514898233113	-3.87745170322143e-05
Coro1a	-0.0166893187740597	-0.0169084955180326	0.00359823356829117	-0.0482548903869865	0.0597915046726239	0.0267061584783029
Aldoa	-0.0238786115597711	0.0193379309547954	-0.00173053266109364	-0.0286528606462367	0.00441995528851079	-0.0219639650032486
Tuba1b	0.0248057495775418	0.00783503576364987	0.00710401922858367	0.0456567005753667	-0.0136055673846651	0.00115020637846734
Ldha	-0.0170930484192485	0.00866424966770764	0.00788970519817732	-0.0159114258598936	-0.0328442142971951	-0.0182057401441073
Rrm1	0.00714841534446699	0.0413772023128795	0.00704555166500071	0.111549411203353	-0.0461159954523719	0.0444169484052457
Pdia4	0.00462115906337984	-0.0354232147933859	0.00651466096505979	-0.0779466531609043	0.0372541557311293	0.0148353264980995
Hsp90b1	-0.0017302387086565	-0.0127775778988456	0.00139284551951553	0.00305460294982691	-0.0395939895222356	0.00689571903779455
Sod1	0.0135011098780203	-0.00878647525298043	0.00654465065033616	-0.0242623154169237	-0.0116078890284518	-0.0181225931009093
Mdh2	0.00842944807388885	-0.00117379474960448	-0.00438013137803297	-0.0217413269027211	0.0112061910943728	0.00127722000409759
Gnai2	0.0140960947556947	0.0145334152222489	-0.0112709316380774	0.109971069578378	-0.00972562191586395	0.048733231752932
P4hb	-0.0104993060435791	-0.0177665919458855	0.0231300614773309	-0.0367754810768731	0.0131662279568455	-0.0119297635597281
Alpl	-0.0316012924692887	-0.073911702463333	0.0197517904744017	-0.0976419155567583	-0.0361204486647711	-0.0679377637751732
Tcea1	-0.0172773985023087	0.0296488203309136	0.0197456727310303	-0.0857612420345346	-0.0200798010843063	0.00495817520202828
Slc3a2	0.0224804270312601	0.0244616695385239	-0.00520400106518214	0.0287760366197927	0.00606244795646667	0.00778771214303747
Hsp90ab1	0.0145449445568149	0.0313587891159207	-0.00866305473585263	-0.00902000874576601	-0.00624693116370067	-0.00224845679484612
Tcp1	-0.00922175758115503	0.0315259419152982	-0.00325214638027359	0.0161647827618892	-0.0187737020432709	0.0304677220910285
Rpl7a	0.00700469198062877	0.0208809096553568	-0.00249854262528708	0.000139206293611719	0.00801711343515648	0.00533866152993426
Umps	-0.0394561875453893	-0.00339954560371906	0.0245796832011244	0.0379656436524732	-0.107485131867589	-0.0433979170551514
Rpl27a	0.0264882386166603	0.0233359850145212	0.0214819825280225	-0.00491542209037396	-0.0110412921699229	-0.00983942704724708
Rpl7	-0.00769797628951848	-0.0148735940088621	0.00163566611009628	-0.0131980953372451	-0.00766179082562442	0.00438808831908338
Lmnb1	-0.00564880344777767	0.0164550898908259	-0.0114901727779943	-0.0243289649473609	0.0468520404960477	0.0271462419575887
Rplp0	0.0199023402318477	0.0159678019282965	0.015496513844649	0.0131353462875957	0.00332883496064892	0.00324942140775238
Hist1h1c	-0.0061462687148962	-0.0177591209417534	0.000857874337401012	-0.00201965310600468	0.0471745937286407	0.0164614631884004
Lgals1	-0.0168459050714647	-0.0232853598131536	0.0675291969822459	0.0941595729156926	-0.0345679018204265	-0.0323752601148002
Gapdh	0.0102962141111106	0.0332430932618341	-0.00521033451833558	0.0589633524647031	0.0179994099529619	-0.00137565822298381
Hmga1	-0.013600950984528	-0.0777294301038436	0.0179693252296335	-0.0602001459373296	0.0544156528200169	0.0605073023939448
Eno1	0.0148084527617825	0.0312965148145739	-0.00968991123748055	0.0157418858685594	0.00463814797158866	-0.0122906205304243
Ptbp1	0.042952685342858	0.0169752915453835	0.0142156890421239	0.106183980446685	-0.0364048201158436	0.0141703804590036
Tpi1	0.031620348180131	0.0159272318205054	-0.0173128959045971	-0.0112655526407271	0.0403086741799273	0.00441939006605833
Pcna	-0.00572047478060529	-0.000287464953047806	0.00194446820453415	-0.0171715652320065	-0.0454381129676987	-0.0243788808607447
Bsg	-0.0097217938064142	0.0271889031617474	-0.0266272806263664	-0.0268256024634325	-0.0423811709190771	0.00632233976295925
Rpl13a	0.0173403189507691	-0.0399022637123006	-0.00379664006571032	-0.0372562853858686	0.00537842400911321	-0.0091180354520258
Cox4i1	-0.0068642253773639	-0.0330628667957472	0.00574389063921978	0.0354155845820326	-0.0148991012647127	0.0114421283627413
Lsp1	0.021517942954229	0.0154555625352109	0.0124887466372915	-0.0752730720547981	0.0412295963144918	0.0147729000180233
Hspa5	0.00606055917992607	0.0164805747828631	-0.00378303418417242	0.0176369225767095	0.00583118386037846	-0.0126118830641727
Vim	0.00519634924347382	0.0630530214043667	-0.0325045266296467	-0.036593879261952	0.0128787626960649	0.0240570491818526
Lmnb2	-0.055666906610587	-0.00651486934936912	0.0137370615111213	-0.0799921133149321	-0.0152853998998635	-0.00237743411651168
Cbx3	-0.0334624422883511	0.0349433318667422	0.00241663586954104	0.121433118647692	-0.0158287681584271	0.0120504804857154
Pnp	-0.0311989383376874	-0.0586089275723236	0.0221677643212999	0.0115237297130396	-0.0564271108594705	-0.0629343622767655
Cat	-0.0677851436179083	-0.0277515077091061	0.00780089429080454	-0.0664127048138212	-0.0860642808587225	0.00800149947436049
Mcm3	-0.0133584443964235	-0.000499721937435373	0.000447095353332611	0.033444095888439	0.0423438700107589	0.0232016014684526
Tln1	-0.0111557852953489	0.00993848171640978	0.000408978130585426	-0.028275239288443	0.00732381885936191	0.0504768400695485
Msn	-0.0168496964318125	0.0274117210209832	0.0085657635981277	0.0539345361818196	0.0133376002648039	0.0195262278146564
Sars	-0.00852910127905586	-0.0068024628990474	0.00658789601045308	0.0650627845077401	-0.0608686310004985	-0.0141497702298019
Pdia3	-0.0267567225158717	-0.0162222605575469	0.000216002316631711	-0.0299579086956533	0.0014869245823492	-0.000830695029519053
Marcksl1	0.0348461883987907	0.0225996573674866	-0.0155772656173377	-0.0666363476030828	0.189884012941173	0.164512482843593
Dpp4	-0.0126718354198738	-0.0612745780513177	0.0271253591024527	-0.0212457558188724	-0.0512083055770375	0.0140703967546666
Hmgb2	-0.0541277966157646	0.0310234963640874	0.0255834190436679	0.0776012409236339	0.00777811190074219	0.0444823446221567
Ssb	0.00153295360981484	0.0176067353922635	-0.00118142193804026	-0.0912760132018265	0.0412840886042932	0.00891038155039724
Wars	0.0329049142159068	-0.0292323948991224	-0.008691322067576	0.0869952800552302	0.0426252550978507	-0.0470145498472929
Rpl18	0.00117563445871528	0.00846741800696372	0.000786875742393052	0.029251544798244	0.000982896907397731	0.00187649028498748
Lig1	0.000793609804918467	0.01827223151434	0.00829649554613697	-0.0276587489070901	-0.00588075510339608	0.0198080072919131
Cap1	-0.0223130248861453	0.0111877529230703	-0.0204302488593977	-0.0469653732491035	-0.0269582915754207	-0.0252301882296052
Tkt	-0.00915138372576581	0.0117075733149815	-0.00566968262921628	0.014615109417747	-0.0186109554976097	-0.0081188869983462
Rpl28	-0.00163200875384856	-0.0257000653518605	-0.00543988738611763	-0.0642951850117929	0.0417593493115628	-0.0139661828380583
Cct8	0.0210762574713898	0.0146930164641527	-0.0135678231600098	0.00098696634825915	-0.00460471060419441	-0.00958537942114779
Rangap1	-0.0104874545256673	-0.0333207009073272	0.0416269704717645	-0.0916155889466443	-0.0710176753508414	0.00175850245304742
Capza1	0.0198518373198563	0.0123542004084917	-0.0209933970205264	-0.0408799688234892	-0.0114630594170868	-0.0214429041918939
Srprb	-0.0088355900652739	0.0183855368803881	-0.0344654248030461	-0.0719218888444699	0.0124662521798268	-0.0360141512507475
Rpl6	-0.0176757772683049	0.0117387112969408	-0.0117926278537221	0.0126523777553419	-0.0328607367225036	-0.000133465156601566
Rpl5	-0.0137492860095655	0.0172346155525937	-0.00534468624155885	-0.00332655062783017	-0.00666191634008064	-0.0121635681231393
Rpl13	0.00325490803467302	0.0143507841986228	0.0103791349368919	-0.00181002337941567	-0.00358762530172594	0.0129805144301533
Rpl36	-0.000639380611047133	-0.0283838712775031	-0.0320001493000737	-0.100414348323603	-0.0611616552001415	-0.0387353746103986
Ahcy	-0.00445774604786194	-0.0151433276073032	0.000642659645222636	0.0133909396986594	-0.0181652366663321	-0.000518317648256798
Hdgf	-0.0605496721705998	0.0977532893477164	-0.101193228314045	-0.180776084573383	-0.0548557104647648	-0.02609041819342
Slc25a5	0.000546014723653115	0.00384850794184889	-0.0116265678450467	0.0268638858553735	0.0272029557236395	0.00618640682770954
Pkm	0.0315348549463387	0.0234405243166663	-0.00159421271833145	-0.0193022915475902	-0.0138757241107092	-0.00950666667809813
Rpl10a	-0.0183182449070348	-0.0159564641852388	0.00945834071717713	-0.00841167523217818	-0.0742476043539499	0.00342936499366014
Idh2	-0.0135118547993872	-0.0129543570445902	0.00167817068134968	-0.013904827130465	-0.0419516455114775	0.0286449319368848
Rab8a	-0.112405912033297	-0.041063431966334	0.00899032391357767	-0.0387645955499818	-0.130204241838662	-0.0610725619598377
Usp5	0.0136045768064458	-0.0145780221705189	-0.0267110903716038	0.0167535163623465	0.0440397028630251	-0.0253444998616047
Atp5b	0.00536543206464939	0.042899453552887	-0.011713853229546	0.0561555370320059	-0.0178270363550539	-0.00649079182934263
Fus	-0.0497286041343436	0.0427258671424858	0.0117657399034815	0.0437034092761479	-0.113343417205164	0.0141384526501893
Eef1d	0.0103488610990315	-0.00933560020130792	0.00132992962260592	-0.0118426362793554	0.0298046738015981	-0.0396690852592896
Eef2	-0.0162189664010527	0.0066324424637653	0.00200837953300859	-0.0182948185258634	-0.0275072789910747	-0.0204031382566545
Ruvbl1	-0.0238987450645439	-0.00407910561974316	-0.00807038337616212	0.00658109161759152	-0.143684251495329	-0.0143567009935078
Pcbp1	-0.000741576323354053	-0.00306003665575951	0.00243147625966949	-0.0252528430612594	0.0174078034348774	0.0129576727658852
Rab10	-0.0391482565962234	-0.0345597325699365	-0.00164942685607621	-0.0649264314263714	0.0297539282590575	-0.00839274980285157
Ube2m	0.00385298022436854	0.135789165409637	0.0100662710353765	-0.0440562884544969	-0.0588223308913676	-0.00558667208230005
Ube2n	0.0302429589898067	0.0888807748258585	-0.0121935776463701	-0.0765347387036844	0.0528763254554602	0.00180529129086552
Rpl27	0.0232497946694481	7.95459614846812e-05	0.0115461819493242	0.11936215275614	0.0137243941025633	0.0232885343418445
Ywhag	-0.0137647109748347	-0.028153278130941	0.0161312790084492	-0.0787145705427521	-0.00652502113840474	0.0075234014810898
Calm1	0.00550806812552222	-0.0171094523114147	0.027157650763212	0.0320086916730701	0.0101797057793947	0.0220504579157273
Rps15a	0.0205397397166664	0.0297935020977815	0.0232650492133844	0.128040396260815	0.0133480205856012	-0.00490660574019685
Rps14	-0.00881379706502422	-0.0173796365280982	0.014965424599593	-0.0745058739562374	0.0286675196467612	-0.0304819412182802
Rps23	-0.0769427578153139	0.00218634810310016	-0.0146424254915744	-0.0406874416072713	0.0735163132889432	0.0343292357629305
Rps11	-0.0418936090562904	0.000343407428104923	-0.00290337825408207	-0.0644971561678173	-0.06192717148176	0.0265134511845824
Rps13	-0.0219863638057598	0.0147870933650706	0.0135939705060927	0.0547625460795279	0.00438792230259771	-0.0146426069560807
Snrpd2	-0.0394957918452087	0.0468138131635222	-0.126195616503475	-0.0554908098478677	-0.0411758768648941	0.0441250830767073
Rps4x	-0.011507968245515	-0.00749172299905228	-0.00239188829331135	0.00111910194898588	-0.0588436106051998	-0.0119099868564562
Rpl18a	0.0134332171681482	0.011907277138427	-0.0114406424663754	-0.00482162413694951	-0.0163739317332774	-0.00934427818004286
Mtpn	0.0785616917017402	-0.0303813215182233	0.0174743131900046	0.132824335250933	0.0938700899345062	-0.00891525332651383
Hist1h4a	0.00428452817074018	-0.00506484732671631	0.0259060756083382	0.00428452817074019	0.00860886183485968	0
Rps24	0.0124488275227842	0.00608932285843557	0.014013824226593	0.201799893264174	-0.0788145595852683	0.00166205478409136
Rps25	0.0212261260439844	0.0254437674578032	0.0184219814273228	0.0755122909032797	0.00732651202425549	0.0130371908908624
Rps26	-0.0167682381894114	-0.0230072566462389	0.00255592982597317	0.00181554643060682	-0.0100213103094722	-0.0212609525754979
Rps28	-0.00414654173498054	0.0221285057077637	0.00232356097748589	0.0262190409793928	-0.0981638608555324	-0.0182744819478584
Gnb2	-0.0259850640930765	-0.0182981516453059	0.00634716735917341	-0.0583592110637311	-0.0440240406360877	0.024940844627515
Cycs	-0.0493684728724159	0.0266602307913536	-0.00107601889699557	0.0141949733109163	-0.0274843890922601	0.0092987809586934
Rps3	-0.00456321038822496	0.00334595357342699	0.00315223424092493	0.0264514682811612	-0.00918419998270134	0.000385442855665685
Rpl8	-0.0317559254984705	-0.0121224021154853	-0.00462249482668103	-0.0170310512316606	-0.0448008036162786	0.0126654765900047
Ybx1	0.0175783653100903	-0.0288256560875008	0.021586595628519	-0.0121444255459729	0.0423326561831528	-0.00471972939051536
Pfn1	0.0301320275420278	-0.00751116039201896	0.0150556529716939	0.136198659735452	-0.04162226152512	-0.00850133013085278
Rps27a	0.00130182863256856	-0.0435176446328079	-0.00840760118304548	-0.0534761516253209	-0.0252018466533992	0.0162951598371972
Gnas	-0.0190682888022078	-0.0387323503699807	0.106024985389108	-0.0459544627655292	0.111586530656639	0.0823104706717695
Ywhaz	-0.0051603515235418	-0.00495746266532427	0.00703408586126405	-0.0769127667656334	-0.0190224410007671	-0.0105395661593768
Eif5a	-0.0167848836607072	0.00593227065841079	-0.0186367685167637	0.00597896000293995	0.00339018640724223	-0.00489859332783759
Rps12	0.00965081723366129	-0.0179639570937854	-0.0188709582322639	0.0792203651852457	-0.0475678086486939	-0.0723127028859255
Rps10	0.0518402695215083	0.0102063982943528	-0.011070952514082	0.19715332630578	0.0536840984083453	-0.0198399660495047
Phb	-0.00101531501657547	0.0217613928620187	-0.00815625233810145	0.0119848025158123	-0.0167314671294969	0.0121025513954294
Rpl22	0.0175442422939136	-0.00209404330584046	0.000874582033243028	0.104670002137773	0.0331918132568179	-0.0224107173856297
Ywhaq	0.000681002009339368	0.0199550202079539	-0.00980692276647585	-0.11714296515256	0.0303850014704419	0.0723026139213402
Tubb4b	0.00189093890897652	0.0259435441550824	-0.00860819061250991	0.062913329562582	-0.0581429881898717	0.00823959877896381
Ywhah	-0.0172568261931906	0.0237870523898077	-0.00624375395210453	-0.0491398467344175	-0.0522765504115803	-0.00101964822768209
Kpnb1	-0.00358983565511206	0.0203730590957174	-0.0145102367673605	0.00220320457852206	-0.10365019428498	-0.0417059386759053
Hint1	0.0460949301061312	-0.00181349592915521	-0.0457195257731226	0.0235007657873285	0.0504342650481654	0.126029389140306
Vasp	-0.0151606033426242	-0.0316444562403115	-0.00171581922980074	-0.0713462632202757	0.0202905950433703	-0.0313085645861156
Naca	0.0246872445817399	0.0195751989302453	0.011879642380407	0.0633117581230225	-0.0460868549209971	-0.0618001308174413
Cct5	-0.0378496407588788	0.0403874779392887	-0.00165156090921766	0.0133439932465205	-0.0171262172971176	-0.0256609836277952
Cct3	0.0092943233725038	0.0102242752178786	-0.0027949738787018	0.0575365491567696	-0.0347509291696493	-0.017904683542174
Arf1	-0.0257617119427733	-0.0238953779153642	0.0382141560007566	0.087182250677787	-0.0509359156945673	-0.000620116062493694
Rpl19	0.00289207483265479	0.0307313412124741	-0.0154809697068716	-0.0512428228083039	-0.139991000824307	-0.00988499199560993
Smarcc1	-0.01148374317475	0.0282411232502593	0.024783342041133	0.0209803552518718	0.0673378591998453	-0.00172997842949733
G3bp1	0.00903586180311938	0.0890334188360003	-0.00700208106186343	0.0421154736717605	0.0224171251487233	-0.044551530984212
Prdx5	0.019279244684195	-0.0328149726448515	-0.0134303937426119	0.188516038331763	0.0451081673917491	-0.00233088358141798
Top2a	-0.0306420110251344	0.00748436168639533	0.0153614155327576	-0.012367311198769	0.0136544312730297	-0.00761921097168572
Nme2	-0.000234537889090496	0.0181015292958857	-0.00519711310338214	0.00967112851947492	-0.0329208215145104	-0.0386762592784701
Uba1	-0.0169498941658561	0.0141565269808334	-0.00734811456903328	0.0159837959842075	-0.0359752499969649	-0.00949476950282675
Nucb1	-0.0251404675929369	-0.0197921083624095	-0.010507644340379	-0.14434142442643	-0.0169397643794871	-0.0453740613431881
Atp5a1	0.0080588457058109	-0.0137490246299932	-0.00352647323375467	0.018041894517446	0.00496730792543243	0.00699025087738181
Ikzf1	0.185546460560795	0.188293689876516	0.0026599801775322	0.00184467170797895	0.283751449462514	0.287742506455175
H2afv	0.036307801197701	-0.0435975248574234	0.0301826777733621	0.0384018828030503	0.0339160700279238	0.0286586742036077
Srsf6	-0.0130175716345928	0.0207965790058959	-0.00496250413829328	0.0598248497560792	0.0288818473918987	0.00878281210182077
Psmd1	0.0256370718568655	-0.0238623591496851	-0.0399326740962533	0.0633889958924084	-0.122233610451302	-0.0219047515659201
Esyt1	-0.0581013056258675	-0.0274819289902151	-0.00096364750540477	0.0145770354693319	-0.0628330612972461	-0.0167762929840682
Srrm1	0.0264043028747243	0.0696962983032812	-0.0359602619960522	-0.131880298229525	0.103579779667672	0.0292592479309049
Thrap3	-0.0433998199484011	0.0117533009074766	-0.00748508658353507	-0.00406837788882211	0.0165808288866773	0.047372518041835
Myl6	-0.00897691262306052	-0.0363647968568603	0.00397488705026849	0.0219290768529744	-0.0269821656272486	-0.0456123451831914
Hnrnpd	0.0288516810508766	-0.0157026697576594	0.0472427502758052	0.0190367371421763	0.0373530609666155	0.00333686959304627
Vdac3	0.0153203243081521	0.00367818081458903	0.0161800354741765	0.0722328487947482	0.00473666988631372	0.0404997467517672
Tmpo	-0.0069141401641139	-0.0159942134205639	0.0133670151268257	-0.0283214869263421	0.0173136022866776	-0.0187191024740541
Cdc37	0.0520968696531527	0.0187595094344805	0.0060151789624322	0.083117562897028	-0.00339521587061256	0.0251056327008757
Arhgef1	0.119016817581524	-0.0199831086616741	0.000547703936416489	0.017772105914176	0.0966829163021701	-0.0254016594390591
Lcp1	-0.00660543858582747	-0.00935930370179666	0.00677097768889365	-0.00916044720676122	-0.00241416972745677	-0.00339569855464658
Hspa4	0.0394166754999699	0.0659312351850657	-0.00211743243611071	0.042979991230987	-0.0511284876035819	-0.00519002032904929
Ewsr1	-0.0330200471196385	-0.00625646244803181	0.0313132313207111	-0.0414410275269977	0.0539549511449922	0.0430667678654502
Arhgdib	0.0361099911549686	0.00516770678941513	0.00176696989204501	-0.0679424403236375	-0.02839268300248	-0.0200756414487129
Ddx5	-0.00626808596861745	0.0210096885913998	0.00305344083416306	0.0708549062751321	0.000580724199574545	-0.00478326511846306
Cbx5	-0.0144476981912615	-0.0182185063093663	0.0046103835978699	-0.0105347002744995	0.0667416720746557	-0.0159036307580235
Kif5b	0.0376398074000148	-0.0345925349853773	-0.0493364608683262	-0.0338814967776571	-0.0233904373781399	-0.097644098818498
Mcm7	-0.0144484643749039	0.0181531322138867	-0.00424216615168828	0.0645820112576336	-0.0117468340844344	0.025137543836077
Snrpa	0.0040380451590368	0.123956714377761	-0.032920774151831	0.0236771855469252	0.0271933576282558	0.0391721128185557
Sptbn1	0.0207952496331517	0.0152311384621121	0.00213054023731444	0.0141725311359774	0.063160190862557	0.0932649020682551
Trim28	0.0392909732749773	0.0146963599369301	0.0135818098334143	0.0345282980762896	0.0204005856935465	0.00145666524284184
Tfrc	-0.0552328294007308	-0.0325530463902639	-0.00365839399597691	0.00381404689295954	-0.0212618084094803	-0.0252622654516963
Sf1	-0.00862769329801493	-0.0160562470878858	0.0598647698004896	-0.0716650618302204	0.0543761636988745	0.0282866890454321
Hspe1	0.0168282358552361	-0.0169225401186187	0.0121856962948359	-0.0365627717981797	0.0312371587722114	-0.0108449046558443
Gart	-0.0224311064733893	0.00542209236880156	-0.00764823337942609	0.0527110774849009	-0.110940644143276	-0.0240634156551461
Cltc	-0.055032296420922	-0.0230307802214331	-0.0038947023833554	-0.0104887739358654	-0.0088912496792884	-0.0179868716034778
Mars	0.00701787370601275	0.0589729154156658	0.0757674865179963	0.114929945383271	-0.0677184867874773	0.0523516993060813
Eif4g1	-0.0873946934618804	-0.0237547106431138	-0.00510272786351529	-0.0413092147198622	-0.0112970239061403	-0.0394160618958385
Rrp12	-0.0186400372421198	-0.140615124255539	0.00673578899612311	-0.238277466594352	-0.0476942566691528	-0.0497773126119804
Lrpprc	-0.0403948955304059	-0.00523121878916421	-0.0002361745051489	-0.0010526243342547	-0.0272946445406132	-0.0129487998368271
Srsf1	-0.000622771140451355	-0.0205121772862684	0.0102609032662312	-0.018481771265107	0.0361457369252498	0.00953334605096397
Rps9	-0.00697511033103006	-0.0013063533446125	0.0207187762563725	0.0229569820034212	-0.0431728731044803	-0.0215379993057106
Rps27	-0.016405560891249	-0.0188673822732853	0.0385983288702246	-0.0385690058951782	-0.0134520986191608	-0.0122232257669628
Rpl10	0.0151591271355663	0.00466256488690309	0.0114521254699658	-0.0612109232594132	0.0231658751299944	-0.00227649123877644
Hist1h2bc	-0.0154747454520193	-0.00428452817074015	2.71776168012857e-17	-0.0119165937384193	-0.0235133996809463	0
Nap1l4	0.0404255725745802	-0.0108749698666548	-0.00209975946297309	-0.0686196032389337	-0.0404982081269707	0.0100624600784711
Syncrip	0.0193605085446434	0.0140357411767207	-0.00613749527066792	0.103208473650273	-0.0750759629391407	-0.00110326449774187
Hnrnpa3	-0.031330769825534	-0.00910215634844365	0.0213057191732455	0.00173164179506941	0.0164756081951952	0.000772140309348553
Eif4b	0.0625417322254724	0.0669037793242324	-0.0173454135249379	0.0193879910291111	0.0945353879321693	0.0412690382414901
Aars	-0.0146966592324944	0.0458870968828578	0.000722674581160371	-0.0357839332178287	-0.0163509942315813	0.0113108988231031
Ganab	0.00311607367973575	0.0411406236864186	-0.0249518800336676	0.150283496895452	0.0357205730679147	0.037072203391465
Nup93	-0.00340885313669344	-0.0691172510495449	-0.0126566247743587	0.0497809340717023	-0.0854929421395594	0.000928848025253871
Eif2a	-0.000951682751468088	0.0344902817070678	-0.015264399124345	-0.0752084860551355	0.0631382588339342	0.0131034582274934
Ahsa1	0.00440269364331315	0.064793603053626	-0.00292809504515936	-0.0475623201758752	0.0421981670714751	-0.00556272621885185
Eif1ax	-0.0554328677942484	-0.0190922101680616	0.021464339712798	-0.11454903212757	-0.031269731981729	-0.0174347631368137
Nars	-0.0136868739633533	0.0451436678223281	0.00922495725958421	-0.00644914864733264	-0.0315841221643863	0.00620932720543784
Srrm2	-0.0106391841717688	-0.0171106517070824	0.0133062178977746	-0.011784565955306	-0.0850600189145823	-0.0558878021847839
Flna	-0.00114277855000734	0.0044619665287745	0.000222182098370279	-0.0266918170941128	0.00209257366859665	0.0203572174014811
Iars	-0.00221161188285637	0.101075833519896	-0.00037600665633774	0.150710241947516	0.0383547961541391	-0.0324519454366148
Smc4	-0.0303030501007255	-0.0202853344785356	0.00256354151597506	-0.238317564740919	-0.01668479691806	0.0259908212251227
Eprs	-0.00415684992547076	-0.00382267494707624	0.00198734920348278	-0.0474014242696136	0.0142399018104724	-0.0108182048948518
Gnl3	-0.0185270539388415	-0.0597875245906925	0.000405121313429664	-0.0475510971635921	-0.0331326577304187	-0.0413119384692631
Eif3b	-0.0171368129687927	0.00692069379545675	0.00807508560600196	-0.0403664182525778	-0.00179678196191133	0.00296584723394958
Fermt3	0.0023113989201958	-0.00369569657878132	0.0167048185138768	0.102034427800398	-0.0487988481253813	0.0299030610213759
Sdha	-0.0143189239558552	0.0025929124493295	-0.0137505428240488	-0.0270605124627913	-0.0220893050232798	0.00695096836994925
Matr3	0.0291788016800698	0.0294960403890103	-0.0137529081148668	0.0728686151379323	-0.0334839343187696	-0.0201998623302347
Sf3a1	0.0659516770617879	0.0203865971852756	-0.00519766879541634	-0.0179298424587905	-0.0926092897413304	0.00360840106587426
Acat1	0.0275113869678153	-0.00160749998604197	0.00619767605058394	0.0230871249828464	-0.0191321693330451	-0.00521221785710533
Eif3l	-0.00727365207826087	0.0272749473743372	0.0141911528130988	0.0287773958073117	0.0281716537862017	-0.0114776944647695
Rfc3	-0.0584539347870308	-0.0680357540848279	-0.040530202951518	-0.0463575558503058	0.0734507786780282	0.023849094205825
Nup35	-0.00455200716236069	-0.00236647326402604	0.0477989046247841	-0.112806359271913	0.173894896340591	-0.0244273959378109
Tmx1	0.0185602073105773	-0.0355538970315452	0.0543206615518004	0.0160593847667124	0.00260252831495362	-0.0487700985233052
Uhrf1	-0.0270075566793095	0.0389622110541978	-0.0193523250340383	-0.0851491421863186	0.0186687054215265	-0.0158123595707433
Rcc1	0.0188703776263669	-0.00373007825451964	0.0159453817227231	-0.159439111140839	-0.0249425765867133	-0.00934047842582343
Rpa1	0.075415790113856	0.0585437483266424	-0.00788850045828631	-0.024169223288105	0.0580136490993329	0.00332512238154575
Hnrnpu	-0.0205128985746684	0.0147662900917458	-0.00410452711600024	0.0375169731245928	-0.0271788227493376	0.0138745256382181
Slc25a3	-0.0137560972173952	-0.00531559982501501	0.00100704907907742	-0.0180129686967824	-0.0432535908020511	-0.00602193329888576
Rbm39	0.0285248325769283	0.0145771001079441	0.0138151874145867	0.0517688065012398	-0.0994560763807412	-0.00280702476043293
Sfpq	-0.0334757316099772	-0.00666616693789579	-0.00789932131487322	0.00460606727551326	0.00633182739209956	0.0123716742717624
Rab14	0.0463949355019931	0.0226141222903682	-0.00753387176276196	0.110416640432926	-0.0580459827918357	0.00639851077715787
Eif4a3	0.0123251927521889	0.0023111274988622	0.00707307522280181	0.015950581259593	0.057727043727149	-0.00405587750178172
Rbmxl1	-0.00968240860074808	0.00873785087150022	0.0133734871353981	-0.0409415883835497	0.0737400777755265	0.011389486820005
Fubp1	-0.0169138806278439	-0.020420766781849	0.0128564448007718	-0.0104375171150936	-0.0328639180049131	-0.00779487819463746
Eif3h	-0.0117922603239795	0.0353577948401884	0.00594037337092496	-0.119872167684049	0.000895860777159211	-0.00776746085103833
Yars	0.00758765579009707	-0.0264955568649763	0.0090547562468739	-0.194557580323087	-0.0453842749316324	-0.0124727397399698
Smarca5	-0.0287787980755578	-0.0103162118713746	-0.00264999604525774	-0.0634662880241338	0.0165286652351896	0.0116874797506206
Dars	-0.0272994686048428	0.0355926712011824	-0.0159761629785711	0.00453806465033054	-0.0964628442277518	0.061422641692288
Pde2a	0.00256753045014399	0.0560414774827603	0.00172900137429898	-0.029188194406597	0.00464350725519527	-0.0796513413840749
Xpo5	-0.0184095365818034	-0.046316840404589	-0.0439251975778113	-0.11444928787389	0.0612691195364644	0.0207275098266789
Taldo1	0.029435013588308	0.0664893970032293	0.00495343766600815	-0.0616264876457912	0.00831242592132408	0.00958744662765725
Hnrnpab	0.0317401166984566	0.00569613073488797	0.0343407080912748	-0.00589656748216654	0.041957377386449	0.0121518038937833
Rap1b	-0.0415001067424138	-0.0438995066984794	-0.00689730255046524	0.0261643636774848	-0.0266399347123796	0.02287594588109
Psat1	-0.00768970245553504	-0.0261590489288536	0.00217085661966546	0.0415304241845158	-0.0177860728857683	-0.0272572359164233
Aco2	0.011135754679365	0.00912302801018648	-0.00667814789135973	0.0299628384273865	0.0410345589005477	0.0145309231029013
Prpf19	-0.0100120326991772	0.0494034483166922	-0.0150033012318372	0.0594818270084085	-0.0249878433364226	0.0457923929265245
Eif2s2	-0.0284303101264216	0.00145106825437248	0.0424982422845147	-0.0114230439558453	0.0293214078607045	-0.0477288144792013
Srrt	0.0156953084821738	0.0313849444270574	0.0289551785923235	-0.133643318364177	0.078478385784712	0.0498309092016377
Rrbp1	0.0690394680418267	0.0682876514822084	-0.0265748466702058	-0.153281157742506	0.0329644656473412	-0.0557984042452841
Arhgdia	0.0760559339905285	0.07744307020107	0.000885276342944762	0.0906837476658922	-0.0202140146700501	0.0334845748174111
Igf2bp3	0.0551812527703678	0.0155015897737916	-0.0215451610564773	0.0257342354896845	0.107438918075789	0.0307651195271466
Cox6c	0.023901808217387	0.01718095177157	-0.0097536302969971	-0.00709783329316378	0.0205431947444621	0.021713184463005
Atp5l	0.0405880946486988	0.0222539600961678	0.0146362269459192	0.00195311697192244	-0.0181789257654024	0.00262399148027017
Sdhb	-0.00361553282943352	0.0129115359088446	-0.00673652875913934	0.0873545262860074	-0.0158823075936356	0.0033039559536722
Bzw1	0.00221716185725113	0.117721576340251	-0.00916408435183379	0.0379612903739011	-0.0112807271965408	-0.0332302404264947
Atp5f1	-0.0144095499753495	-0.0187312357180618	0.000370784381302772	0.00508565626502828	-0.0529481806918803	0.0124598980538929
Sec61b	-0.00782136306415967	-0.0229535941023085	-0.0123165870023632	-0.162926397228662	0.00661356409221073	-0.0586731752936436
Ywhab	-0.0234546783448874	0.0162391417667209	-0.0199903506619074	-0.107453829284584	-0.00753811330438332	-0.00265019203090285
Rpl14	-0.00563503913300766	-0.0426162905303157	-0.00234317735346336	-0.0101930121076525	0.00726537153898221	-0.00242643804019083
Nhp2	-0.0230677482762634	-0.0570467440020524	-0.00770917571697467	-0.138537581835847	0.0682868706438211	-0.116745124382102
Arpc2	0.0105733190307235	0.0289374864331167	0.00885064338119322	0.0598260469952092	0.0478259570294812	0.0258771639307362
Atic	0.01619320087661	0.0152459772241527	-0.00257059792486782	0.0526672376570504	0.0129756847536027	-0.0266763376748975
Snx2	0.0325412392949678	0.0445213594642626	-0.0171052495477271	0.0484553499681296	0.0702735379384888	0.00422948482108929
Rpl11	0.0427617371884735	0.0068223481776631	-0.00901070595497404	-0.00678061741844989	0.0302392415427278	-0.00611203582756771
Ssr1	0.00164867563780384	-0.0695852230049795	0.0481511960530465	0.0213711309607174	0.0570602410684421	0.0108044906126443
Serbp1	0.00352247342648741	-0.00338028138139118	0.0174758017953784	0.00237929574961248	0.00631340105079265	-0.029143536385691
Gar1	-0.00237605495288141	-0.0780446185811825	0.0173638004056706	-0.116760748329816	0.0731539143397614	-0.0114822207864092
Ola1	0.02002072685272	0.00650157483892351	-0.0412864380650444	-0.0491008892006926	0.0309438272498393	-0.0156910363662937
Ube2v1	0.00718575308103862	-0.0850459694265241	0.011044319850064	-0.0166577185034927	-0.0535525900395519	0.00579114426168449
Hnrnpm	-0.0188877947024539	-0.00854466260647299	-0.0059397976657726	-0.00239261981644823	0.0172177201766754	0.0141607243551325
Rars	-0.0456806303944543	-0.000703977961110399	0.00153461047772775	-0.0651184006870715	-0.0674675908238841	0.00917525286934966
Oxct1	0.0457652924343796	0.0216860335487809	-0.0115237040208176	-0.0128555000796155	-0.0391441833091772	0.00343249903879634
Ppil1	-0.0275014394787697	-0.0497050088636077	0.0286921299246332	-0.04018913658743	-0.041537800641746	-0.0165233348577751
Sarnp	-0.0185179091048865	-0.0513571560015826	-0.00528359689614855	-0.115297564491615	-0.0140119326728915	0.0160746350022139
Erp44	0.0538044774560812	-0.0235360313052967	-0.0391494065911459	0.0104911811767279	0.138269439526266	0.0453988869452566
Rpl34	0.0587231084202334	0.00361696134200336	-0.00418477636199599	-0.0167807806040649	0.0559335485312562	0.0124520250506545
Atp5d	-0.0243627399679602	-0.00929569629119929	-0.00513259871253194	-0.0911023189707856	0.00377026253284302	0.0114526261957731
Idh3a	0.0456445402029191	-0.00289963487506608	-0.00947475329354815	0.032079558164205	0.0613608854596413	-0.00581335423166515
Nop56	-0.00439416930022398	-0.0174134178922279	-0.011034670517146	0.0334406714322205	-0.00284517153399235	-0.00761550027071375
Timm50	-0.0341048525452929	0.0280248877241051	0.0062383933889332	0.0407768728264931	-0.0365100322777082	0.00801855000111982
U2af1	0.0608391744191336	-0.00316796550836728	0.0160593136065323	0.0105124188231923	-0.0215714779565355	0.0164414201976386
Snx5	0.0577201987747074	0.0242715927595537	0.0114718675532667	0.0136294046145079	-0.0700635160559435	-0.0470540143902452
Psmd12	0.00387746116571716	-0.00373278248183864	0.00973140837879379	-0.0607562020967491	0.0316698638390162	-0.0786488956429635
Cnn3	-0.0527010640834219	-0.0476400154245948	0.00688806503297132	-0.0847962190321146	-0.121932967755336	-0.0810118024217187
Mrpl12	-0.0466884871948101	-0.0205359323757659	-0.00509173559722644	0.0148083427961639	-0.13247960286334	-0.000600706029241827
Cmpk1	-0.116083718829181	-0.0531955620639353	-0.0145876410918315	0.00816914224901119	0.094866212555937	0.0306482750709331
Paics	0.0326822960093549	0.00120070902810613	0.00772924839160541	0.0222376328390453	0.0254528051243522	-0.0427914671910607
Etfb	-0.00367983672585396	-0.0402712664552092	-0.0170674992322949	-0.0399679886462698	0.0358578216141169	0.00270408673701628
Atp5h	-0.0236266985839568	0.00863417027096828	-0.00954720185560866	0.00380726468433364	0.0122528396364244	0.0386301395861359
Sacm1l	-0.0265531588569434	-0.0146122020465382	-0.0252507530416594	0.0158625534087628	0.04112986648741	0.0170352442122528
Ipo7	0.0107870133914656	0.0744573738149494	-0.0147312360347074	0.0804329361714428	-0.0586774368628744	-0.0474079995974362
Set	-0.00690027484270942	0.00833495968096059	0.00664588159687681	-0.0287601316904167	-0.0162416090853194	-0.0113501508479504
Cse1l	-0.078217275433673	-0.136238907278965	0.0639497551481442	0.12286970969487	-0.0817546850839003	0.0329727083466273
Gmfg	-0.022108594183186	0.00562543410884239	-0.0413308391925383	-0.020239371994783	-0.050679416092007	0.0183098733167255
Ranbp2	-0.0304482732921789	-0.0226762653093227	0.00295740931831559	-0.112300157275201	0.000188148221547277	0.0211228051294806
Plac8	0.0134095439891839	-0.0584452982821566	0.0301848484696713	0.0733382887656352	-0.032237997221634	0.0248482543906159
Akr1a1	0.0645563150355824	-0.00163008051382518	-0.00818737187435084	0.0767541388969987	0.0120522600507727	0.00350365421492746
Acin1	0.0122097512295814	-0.0390493553681624	0.0234947492062856	0.100998002556577	0.0767286026892769	0.00760909751078042
Adrm1	0.118851919844168	-0.0332962355950384	-0.00106409970153252	-0.199093754928844	0.164218647239475	0.0138042499279779
Aldh9a1	0.0287652571461563	-0.00284067581985099	-0.00155585428867789	0.00168072882719716	0.0470330498585302	0.0231242852961094
Clic4	-0.0310436945578501	-0.0378948119820314	-0.00081350378947165	-0.0490620654185455	-0.00797864246996406	0.0176611716521456
Dnaja2	0.00010237733648292	-0.00168961578943407	-0.0333899105661962	-0.261313913267145	-0.023458137629392	0.0372948421046854
Eif3i	-0.00727072457265402	0.0810662765090877	-0.0363078037696608	-0.019240745924415	0.0202770811609817	0.0198273543201608
Mta2	-0.0324475338842165	0.0088994405753982	-0.0398367717569533	-0.0690443271402698	0.062941109109575	0.0970192407283249
Prpf40a	-0.0608195213173062	0.123087995799922	4.2753591743302e-05	0.170781626561449	0.159590355796302	0.0548243245368327
Sae1	0.0399917756906357	0.000860905010204991	-0.00745534066744385	-0.0608681467015942	0.0653588248151384	-0.0161434160738918
Tapbp	-0.0371664170615942	-0.0180280915034543	-0.024402146585683	-0.0126213205142136	0.0227350435574658	0.0340303294484649
Ruvbl2	-0.0174434585730459	0.0302232174126666	0.00502229901378043	0.0650061762275298	-0.115081552567992	-0.00118981445734979
Suclg1	0.0270820501569778	-0.0102361822432203	0.0370031604907865	0.0542507452487608	0.0390783005143191	0.01701045838859
Arpc1b	-0.0180246989219451	-0.0442728943169557	0.0149015864455031	-0.0199818187206949	0.021915481441659	-0.0402130232617554
Bub3	0.0292095189789022	0.0215814373700337	0.00834900710774098	-0.0431578177011275	0.0395586634872007	0.0201105205920876
Tagln2	0.00823291291972581	-0.0224389279452605	0.0054072087604706	0.0058584259072386	-0.0190844911974485	-0.0193596752151998
Psmd13	0.018906963063327	0.0151148817110421	-0.0428847191913322	-0.0811358434851807	0.0632620118795608	-0.114432711793732
Aifm1	-0.0196264215058669	0.120272651903339	-0.0284714853154486	-0.0629427788384104	0.0485281153292545	0.013098875472146
Aldh18a1	-0.0167586782684812	0.0178982920187438	0.0059908677510501	-0.0127606938244338	-0.0776847621415724	0.0134906884610591
Eif3g	0.0422410865067422	-0.0655110544778016	0.0969613959347938	-0.0736635207336484	0.0331107993648162	-0.045028323172973
Ddx39b	-0.0280012404767715	0.00424204095591436	-0.0011374719103702	0.0153519887504863	-0.0892346019682484	0.00382957680781791
Clic1	-0.0249515351611314	-0.0157055551564039	0.0130387053984425	0.0325196103044683	-0.0173784562946584	0.000683393231382406
Bcat2	-0.0116467566031539	-0.0115442824758534	-0.0100070874036818	0.051994135744073	-0.0839494032012179	0.00118873340212399
Cotl1	0.123462104995969	-0.020494649276851	-0.0345870828407833	-0.187412197459721	0.083433500359552	-0.0777218047677446
Cwc15	0.137113293140333	0.101157944251898	0.0428158373797007	-0.0911770619168027	0.128412719033761	0.059115726842273
Gps1	0.248451745757203	-0.0475299018731502	-0.0996075893771007	-0.0388452076370776	-0.0319233415698749	-0.0934556036186029
Ndufa3	0.034648687405643	0.116466220347973	-0.0570546752943582	-0.00685692493620793	-0.0728813591855458	-0.263188432129521
Yif1b	-0.0381641465644627	-0.0991556992242131	-0.0042540353453433	0.131096806844116	-0.0474612107901144	-0.0980910763972751
Prdx4	0.0246934963618082	0.0240651751489753	-0.0104733410236003	0.125633969832979	-0.085053927944146	-0.00963591281521726
Lrrfip1	0.0249263637060593	0.0239306027460547	0	-0.187028014780399	-0.0180824687635628	0
Otub1	0.0695309180137915	0.0191527013673593	-0.0465142890675293	0.0303813546086097	0.0309143833974914	0.124290531844459
Bag6	-0.0647924655879267	0.0515341187744665	-0.0213799652770303	0.142744474072262	0.0594103268786328	0.0227297483601278
Dnmt3a	0.232445003181397	0.0337298718574373	-0.0379996696344102	-0.213962411716369	-0.111925603766744	-0.113895934828097
Sec31b	0.0134041777223069	-0.0499638054825772	-0.084699926048333	-0.0376599093913616	0.0393543977228581	-0.22404511423872
Ostf1	0.159835852302604	-0.0681349054410647	0.0783627776533874	-0.0506980853105524	0.0533338007839242	-0.00682561865974452
Mrps2	0.227741176214504	0.00571871702156283	0.0292687920240677	0.0298975497746844	0.119443610397169	-0.0514178632736032
Hnrnpa0	0	-0.0383060329476142	-0.0062257091810751	0.0932977638004901	0.308690364487034	-0.00155184623706333
Wdr46	0.126774686129806	0.0616575817606056	0.185566385947015	-0.0624373392804707	0.110372110558079	-0.177714779948316
Calu	0.0894440004338002	-0.0709844477069975	0.0507613631693118	-0.11539108282543	-0.0774903430055359	-0.0522643909143993
Cd93	0.0404003585305182	0.149176843600355	-0.0312154010810617	0.080587412179047	0.0024245479135064	0.0848943153314955
Rad23b	0.0771124112816815	-0.0170332047452051	-0.033990832771779	-0.0945937564339062	-0.0474335893515401	0.0569673872919665
Csrp1	-0.100382344041294	0.0296777120866096	0.0563696377379551	0.107696186453673	-0.0767681239689814	-0.109866538654026
Mat2a	0.090691632200683	0.0519627157653271	-0.0087541663976709	0.302695249381625	-0.138966301341634	-0.0929849615288101
Ikbkap	0.0949942106070329	0.0350369933996868	-0.0101631744981942	-0.000618208328683461	-0.0217809229918411	0.190341337886959
Pdhx	0	0	0.0454682469853796	0.0576155541690079	0.115171712162903	-0.0202142791864411
Hirip3	0.0774162545804168	0.067488324944493	-0.00940491685224067	-0.0555948549202042	0.0353843756692789	-0.131336209758206
Sec62	-0.0283364111412839	0.0813574695053663	-0.0308055125201253	-0.114337026140061	0.0342150688477391	-0.0737261906147304
Nxf1	0.0595325360394235	0.0510199515083442	0.00267137032868734	-0.180901584991459	0.0426976223843061	-0.0632948811490337
Raver1	-0.0570055074701	0.151641960782006	-0.0234637785013363	-0.0365143131298106	-0.0673257466078165	-0.00908307532611746
Polr2a	-0.0248914439507899	0.0497499164358293	-0.0437677023164867	-0.0980439137916676	0.0682757247734675	-0.00372410010078707
Adh5	0.0274269090585289	-0.113757573954596	-0.022395953881972	0.03216308789745	-0.0453439271803388	-0.027279626601716
Btk	0.0268655116957293	0.068129936109633	-0.0430274256239042	0.0550732763489794	-0.238545785435746	-0.164986570420165
Rps29	-0.0769970103601848	-0.0140616182436554	-0.0170920259979568	0.150550017092327	-0.0890258002645314	-0.0281263803531486
Tial1	0.0205717858909297	-0.126579049741243	0.0244298354219621	-0.0518480588666112	0.0769360185824035	0.0235617843448643
Ttll12	0.0477293810876999	0.133144966355407	-0.0244682316030292	-0.053462778812366	0.149566414372505	-0.115455026149621
Zc3hc1	0.0656861000269121	-0.0359858172206999	-0.0477359022074169	0.241204406003788	-0.0614385383829334	-0.0834525084608823
Glyr1	-0.107803607362553	-0.0586695403167771	-0.0482005493743305	0.148674669096609	0.0667243807127926	-0.242284699458955
Chchd2	-0.0365251891200044	-0.0410332799473827	0.0199643114955751	0.106784343215546	0.0334016131606246	-0.0949542994260253
Napa	0.0245002845827752	-0.0891531772098233	0.0866806181610023	-0.106928453189548	-0.117927121281433	0.0398954328507679
Dazap1	0.0570906004855113	-0.151761990671774	0.0230188675116355	-0.014231776179687	0.0854014582164316	0.000553435052846412
Srsf10	0.0162619277529762	0.025389608375227	-0.0469787995135835	-0.0664948495850054	0.0225824693236697	0.174393914871907
Pds5b	0.0430483121380298	0.0321359812943739	0.0252614267964173	-0.0299283774019228	0.0607525961782178	0.0440619627675315
Atxn2l	0.0783075769766129	-0.0322108421833036	-0.0413244940692486	-0.0783129830956594	-0.0671390198683307	-0.0182214479909403
Vrk1	-0.0580024885368573	0.0227571393979176	-0.0204748913021636	0.121394771040144	0.0532342001181512	-0.0134202563132693
Fam49b	0	-0.0284725649011604	-0.0204629360137036	-0.027680342200656	0.126582916311121	0.0258238780085698
Ppid	-0.0720789296833773	-0.0398580485284317	-0.00549324144091752	0.0885080291864719	-0.215914107827058	-0.0199630452880208
Atad1	0.00481325441852685	0.0319755514192222	0.00191636209167214	0.057714744656615	0.269122903280509	0.0348156714181102
Pelp1	-0.0849588820120676	-0.0201508497764509	0.132553617006713	-0.0818397876028458	0.139901351058411	-0.0899500665124794
Rpf2	-0.00022742804937791	0.012709980463917	-0.0612694677821803	0.0273136953190897	-0.137868408557273	-0.127582325076585
Capza2	0.0366978407758316	0.10732526197334	-0.0551555596900943	0.205033649453467	0.107370203088687	0.0912007987692716
Adsl	0.0327314181771535	0.0439908659939443	0.00614319512328016	0.00641232324420028	-0.130750534070111	-0.0104669700667035
Surf6	0.111086730471673	-0.0246567547940138	-0.0224030838436673	-0.10015751550444	0.095309133323334	-0.0330073877280672
Sec31a	0.012866761087426	-0.130173054800757	0.099422566209872	-0.105631461056954	-0.0515639054396693	0.170986994904627
Luc7l3	0.022085631165794	-0.0629193325106867	0.00529839701399376	-0.0078317567057202	0.112071187350852	-0.0795260891392704
Psap	0.0259067405342963	-0.094936644832447	-0.029391963957054	-0.0517519351113707	0.00917134273802488	-0.0294287220934275
Dhx29	0.0627633024025138	-0.0172880319221554	0.0183188620662714	-0.119924053551606	0.162004250820964	-0.0386773010672647
Phip	0.157232471470196	-0.0465705908553757	0.0352293443703481	-0.358953798214593	0.22142396444202	0.0470902455823517
Ifitm2	0.0388352252419348	0.0609173339683984	-0.00207645142940477	-0.00136573592041901	-0.0605262529456457	-0.180227370494399
Grpel1	-0.0823360299846098	-0.016245404092205	0.0661019827696827	-0.0239328859525317	-0.0460790246859838	-0.0954131513272457
Ide	0.0173353016295647	0.0755183270838667	0.00622921338403535	0.210324596161705	-0.137217200227909	-0.0187526333302506
Coro1c	0.118315409415472	0.0651336867292946	-0.0210245388871183	-0.164585937596487	0.171316251464397	-0.0148557842871086
Wdr1	-0.019801143944413	-0.0604567325254768	-0.000229450822997302	0.0389559832729095	-0.00436079195434893	0.0270951507017707
Fth1	-0.0386724071443302	0.08269221582567	-0.0945991819436015	0.116016145736471	-0.183552147381764	0.119252999109369
Pdcd5	0.0170574452721004	0.0316920000194707	0.0377250292329595	0.163060628000301	0.0045654843556499	-0.0953115880555237
Tuba4a	0.164853416893401	-0.0383985651148549	-0.00187035834560813	0.125399184941484	-0.158890094399318	-0.0567148014761252
Puf60	0.00519782429265895	0.0773228601694264	-0.0261090309108686	0.063424414636327	-0.180125153190159	-0.0239011732345646
Pabpn1	0.045040691986954	-0.045921131742476	-0.0388024462369721	0.0273887630038614	0.0395586037933236	-0.0193691359159845
Dlst	-0.0935770671505343	-0.0425463922743666	-0.0273781979205891	0.0456626239813323	0.0460131369358277	0.0263396778848916
Timm8a1	-0.0230747506800583	-0.0508261649611542	-0.0882582369339194	-0.0163361229586353	-0.218858282078214	-0.0212462352279963
